County,District_Code,District_Name,Total_Expenditures_2019,Avg_Daily_Enrollment_2019,Per_Pupil_Expenditures_2019,Per_Pupil_Rank_2019,Total_Expenditures_2020,Avg_Daily_Enrollment_2020,Per_Pupil_Expenditures_2020,Per_Pupil_Rank_2020,Budget_Operating_Type,District_Type
A. Statewide,N.A.,State Average - All Operating Types,N.A.,N.A.,22819,,N.A.,N.A.,22926,,N.A.,N.A.
A. Statewide,N.A.,State Median - All Operating Types,N.A.,N.A.,22387,,N.A.,N.A.,22485,,N.A.,N.A.
Atlantic,10,Absecon City,18176978,907,20031,20,18542154,943,19662,14,"K. K-12|K-8,751+",KK-12K-8751plus
Atlantic,110,Atlantic City,181543446,6742,26927,85,173364556,6945,24963,74,"N. K-12|K-12,3500+",NK-12K-123500plus
Atlantic,120,Atlantic Co Vocational,34603580,1636,21150,4,34954301,1697,20600,6,Q. County Voc,QCountyVoc
Atlantic,125,Atlantic Co Special Serv,22395389,320,69965,4,21850822,321,68109,4,P. CSSD,PCSSD
Atlantic,570,Brigantine City,21735200,656,33153,63,20210548,605,33402,62,"J. K-12|K-8,401-750",JK-12K-8401-750
Atlantic,590,Buena Regional,47748612,1731,27583,44,47300773,1739,27197,43,"L. K-12|K-12,0-1800",LK-12K-120-1800
Atlantic,960,Corbin City,1208941,64,18890,4,1066486,68,15684,1,K-12|Non-Operating,
Atlantic,1300,Egg Harbor City,14141604,543,26049,53,13808556,519,26597,52,"D. K-8|K-8,401-750",DK-8K-8401-750
Atlantic,1310,Egg Harbor Twp,166887716,7422,22487,47,167787720,7375,22751,48,"N. K-12|K-12,3500+",NK-12K-123500plus
Atlantic,1410,Estell Manor City,5316505,222,23990,35,5055541,235,21507,16,"I. K-12|K-8,0-400",IK-12K-80-400
Atlantic,1540,Folsom Boro,10108443,483,20918,12,10070413,462,21779,17,"I. K-12|K-8,0-400",IK-12K-80-400
Atlantic,1690,Galloway Twp,75541229,3346,22578,41,78601649,3435,22886,42,"E. K-8|K-8,751+",EK-8K-8751plus
Atlantic,1790,Greater Egg Harbor Reg,87192824,3156,27629,29,88843330,3086,28790,32,"G. G9-12|7-12,9-12",GG9-127-129-12
Atlantic,1940,Hamilton Twp,61110716,3076,19864,17,58823551,3072,19150,11,"E. K-8|K-8,751+",EK-8K-8751plus
Atlantic,1960,Hammonton Town,61520785,3564,17262,1,63370623,3532,17942,1,"M. K-12|K-12,1800-3500",MK-12K-121800-3500
Atlantic,2680,Linwood City,16595825,817,20308,24,16563957,830,19964,17,"E. K-8|K-8,751+",EK-8K-8751plus
Atlantic,2780,Longport,1190358,56,21256,8,1368116,57,24002,8,K-12|Non-Operating,
Atlantic,2910,Mainland Regional,33592616,1250,26881,23,34384977,1242,27680,26,"G. G9-12|7-12,9-12",GG9-127-129-12
Atlantic,3020,Margate City,15935489,423,37687,78,15140791,410,36918,77,"I. K-12|K-8,0-400",IK-12K-80-400
Atlantic,3480,Mullica Twp,13867361,698,19865,8,14494199,708,20481,8,"D. K-8|K-8,401-750",DK-8K-8401-750
Atlantic,3720,Northfield City,18482692,956,19340,13,19791883,1027,19266,12,"E. K-8|K-8,751+",EK-8K-8751plus
Atlantic,4180,Pleasantville City,94943246,3771,25175,63,92762578,3772,24594,57,"M. K-12|K-12,1800-3500",MK-12K-121800-3500
Atlantic,4240,Port Republic City,3340640,161,20772,11,3326312,151,22053,22,"I. K-12|K-8,0-400",IK-12K-80-400
Atlantic,4800,Somers Point City,21204485,899,23586,48,21019954,879,23908,50,"E. K-8|K-8,751+",EK-8K-8751plus
Atlantic,5350,Ventnor City,24930984,901,27682,56,24317528,869,27977,56,"J. K-12|K-8,401-750",JK-12K-8401-750
Atlantic,5760,Weymouth Twp,5434265,199,27248,51,4986090,201,24800,46,"I. K-12|K-8,0-400",IK-12K-80-400
Atlantic,6060,Atlantic Community Chart,7139781,388,18420,55,7329056,362,20274,74,O. Charter,OCharter
Atlantic,6104,International Academy,7101752,404,17596,39,8071523,474,17039,40,O. Charter,OCharter
Atlantic,7410,Charter~tech High School,7721854,357,21618,80,8117696,367,22137,81,O. Charter,OCharter
Bergen,40,Allendale Boro,19846992,888,22364,38,20208621,897,22529,39,"E. K-8|K-8,751+",EK-8K-8751plus
Bergen,80,Alpine Boro,6786503,195,34818,75,6845934,205,33472,72,"I. K-12|K-8,0-400",IK-12K-80-400
Bergen,285,Bergen Co Special Service,61561125,588,104710,7,60492358,615,98345,7,P. CSSD,PCSSD
Bergen,290,Bergen County Vocational,83097744,2444,34005,20,84530575,2477,34128,20,Q. County Voc,QCountyVoc
Bergen,300,Bergenfield Boro,78806456,3615,21803,35,78975245,3713,21269,31,"N. K-12|K-12,3500+",NK-12K-123500plus
Bergen,440,Bogota Boro,26972881,1147,23521,30,28046622,1233,22751,24,"L. K-12|K-12,0-1800",LK-12K-120-1800
Bergen,740,Carlstadt Boro,14715323,563,26139,54,15527047,557,27864,55,"D. K-8|K-8,401-750",DK-8K-8401-750
Bergen,745,Carlstadt-East Rutherford,17392782,511,34049,44,16746143,530,31626,40,"G. G9-12|7-12,9-12",GG9-127-129-12
Bergen,890,Cliffside Park Boro,61698930,3149,19595,11,63208789,3192,19801,14,"M. K-12|K-12,1800-3500",MK-12K-121800-3500
Bergen,930,Closter Boro,24711006,1218,20288,22,25195791,1219,20662,26,"E. K-8|K-8,751+",EK-8K-8751plus
Bergen,990,Cresskill Boro,38456616,1829,21022,15,39809590,1844,21592,14,"L. K-12|K-12,0-1800",LK-12K-120-1800
Bergen,1070,Demarest Boro,18001384,706,25508,50,17750465,711,24959,46,"D. K-8|K-8,401-750",DK-8K-8401-750
Bergen,1130,Dumont Boro,55111368,2559,21535,35,57545425,2595,22175,43,"M. K-12|K-12,1800-3500",MK-12K-121800-3500
Bergen,1230,East Rutherford Boro,20466579,815,25107,60,20300529,777,26137,65,"E. K-8|K-8,751+",EK-8K-8751plus
Bergen,1270,Edgewater Boro,26272024,1478,17771,4,28571801,1450,19703,8,H. K-12|K-6,HK-12K-6
Bergen,1345,Elmwood Park,51669531,2624,19690,13,51822162,2622,19762,13,"M. K-12|K-12,1800-3500",MK-12K-121800-3500
Bergen,1360,Emerson Boro,23995538,1141,21025,16,27753611,1126,24649,37,"L. K-12|K-12,0-1800",LK-12K-120-1800
Bergen,1370,Englewood City,81828020,3074,26620,71,80165988,3050,26286,68,"M. K-12|K-12,1800-3500",MK-12K-121800-3500
Bergen,1380,Englewood Cliffs Boro,16431106,544,30216,59,16919096,547,30906,61,"J. K-12|K-8,401-750",JK-12K-8401-750
Bergen,1450,Fair Lawn Boro,113036422,5150,21949,38,115310065,5309,21722,36,"N. K-12|K-12,3500+",NK-12K-123500plus
Bergen,1470,Fairview Boro,30115424,2106,14302,1,33906725,2193,15459,2,"K. K-12|K-8,751+",KK-12K-8751plus
Bergen,1550,Fort Lee Boro,82715246,4098,20187,15,85153946,4182,20361,16,"N. K-12|K-12,3500+",NK-12K-123500plus
Bergen,1580,Franklin Lakes Boro,35170359,1149,30608,72,36781728,1163,31630,73,"E. K-8|K-8,751+",EK-8K-8751plus
Bergen,1700,Garfield City,121579473,4999,24319,70,120210048,4984,24122,69,"N. K-12|K-12,3500+",NK-12K-123500plus
Bergen,1760,Glen Rock Boro,59301898,2551,23249,51,60446284,2589,23349,52,"M. K-12|K-12,1800-3500",MK-12K-121800-3500
Bergen,1860,Hackensack City,133614483,5837,22893,50,133471280,5816,22948,54,"N. K-12|K-12,3500+",NK-12K-123500plus
Bergen,2050,Harrington Park Boro,15739927,625,25173,47,16111994,622,25913,51,"D. K-8|K-8,401-750",DK-8K-8401-750
Bergen,2080,Hasbrouck Heights Boro,39036455,1813,21532,19,40309281,1786,22568,22,"L. K-12|K-12,0-1800",LK-12K-120-1800
Bergen,2090,Haworth Boro,11380052,408,27929,58,10727239,396,27059,58,"C. K-8|K-8,0-400",CK-8K-80-400
Bergen,2180,Hillsdale Boro,27567303,1143,24116,50,27257593,1112,24515,53,"E. K-8|K-8,751+",EK-8K-8751plus
Bergen,2200,Ho Ho Kus Boro,17844307,878,20326,12,18068601,880,20539,9,"J. K-12|K-8,401-750",JK-12K-8401-750
Bergen,2620,Leonia Boro,43325621,1953,22188,45,44082472,2039,21616,34,"M. K-12|K-12,1800-3500",MK-12K-121800-3500
Bergen,2710,Little Ferry Boro,27449189,1255,21872,34,27283046,1204,22669,40,"K. K-12|K-8,751+",KK-12K-8751plus
Bergen,2740,Lodi Borough,68939393,3230,21345,31,70089468,3405,20586,20,"M. K-12|K-12,1800-3500",MK-12K-121800-3500
Bergen,2860,Lyndhurst Twp,49466446,2558,19336,9,50053825,2580,19402,9,"M. K-12|K-12,1800-3500",MK-12K-121800-3500
Bergen,2900,Mahwah Twp,81949751,2899,28265,74,80404298,2907,27657,72,"M. K-12|K-12,1800-3500",MK-12K-121800-3500
Bergen,3060,Maywood Boro,24540272,1269,19337,12,24564132,1248,19681,15,"K. K-12|K-8,751+",KK-12K-8751plus
Bergen,3170,Midland Park Boro,27615549,943,29280,47,27658408,908,30466,50,"L. K-12|K-12,0-1800",LK-12K-120-1800
Bergen,3330,Montvale Boro,20802814,979,21241,32,21327636,997,21398,33,"E. K-8|K-8,751+",EK-8K-8751plus
Bergen,3350,Moonachie Boro,10054633,433,23243,28,10208437,450,22701,23,"I. K-12|K-8,0-400",IK-12K-80-400
Bergen,3550,New Milford Boro,44965769,2016,22304,47,45271999,2015,22471,44,"M. K-12|K-12,1800-3500",MK-12K-121800-3500
Bergen,3600,North Arlington Boro,41139335,1854,22192,46,34305422,1867,18378,4,"M. K-12|K-12,1800-3500",MK-12K-121800-3500
Bergen,3700,Northern Highlands Reg,37187430,1417,26247,21,36100007,1430,25242,14,"G. G9-12|7-12,9-12",GG9-127-129-12
Bergen,3710,Northern Valley Regional,70065468,2257,31045,40,72367012,2153,33618,45,"G. G9-12|7-12,9-12",GG9-127-129-12
Bergen,3730,Northvale Boro,12622264,535,23594,35,12802277,566,22610,27,"D. K-8|K-8,401-750",DK-8K-8401-750
Bergen,3740,Norwood Boro,13586988,621,21865,24,14293103,619,23102,32,"D. K-8|K-8,401-750",DK-8K-8401-750
Bergen,3760,Oakland Boro,36842746,1364,27011,68,37606369,1370,27457,69,"E. K-8|K-8,751+",EK-8K-8751plus
Bergen,3850,Old Tappan Boro,14581595,665,21935,25,15917052,672,23684,38,"D. K-8|K-8,401-750",DK-8K-8401-750
Bergen,3870,Oradell Boro,15499426,761,20371,20,15712939,762,20627,18,A. K-6|K-6,AK-6K-6
Bergen,3910,Palisades Park,32405058,1731,18725,1,31611613,1834,17234,1,"L. K-12|K-12,0-1800",LK-12K-120-1800
Bergen,3930,Paramus Boro,101013065,3823,26422,81,99085208,3804,26051,81,"N. K-12|K-12,3500+",NK-12K-123500plus
Bergen,3940,Park Ridge Boro,36701225,1238,29638,48,36397604,1251,29091,48,"L. K-12|K-12,0-1800",LK-12K-120-1800
Bergen,3960,Pascack Valley Regional,62662874,2065,30341,36,66180801,2006,32988,44,"G. G9-12|7-12,9-12",GG9-127-129-12
Bergen,4300,Ramapo-Indian Hill Reg,67618793,2321,29138,33,66059808,2273,29060,34,"G. G9-12|7-12,9-12",GG9-127-129-12
Bergen,4310,Ramsey Boro,71822734,2762,26009,68,71085395,2706,26265,67,"M. K-12|K-12,1800-3500",MK-12K-121800-3500
Bergen,4370,Ridgefield Boro,45496827,1701,26750,42,44711318,1682,26579,41,"L. K-12|K-12,0-1800",LK-12K-120-1800
Bergen,4380,Ridgefield Park Twp,48121922,2266,21234,28,49603063,2248,22063,40,"M. K-12|K-12,1800-3500",MK-12K-121800-3500
Bergen,4390,Ridgewood Village,126439548,5732,22057,41,126364579,5770,21900,38,"N. K-12|K-12,3500+",NK-12K-123500plus
Bergen,4405,River Dell Regional,40116500,1615,24835,11,41093604,1630,25218,13,"F. G7-12|7-12,9-12",FG7-127-129-12
Bergen,4410,River Edge Boro,23119778,1241,18631,8,23598360,1258,18759,6,A. K-6|K-6,AK-6K-6
Bergen,4430,River Vale Twp,27655165,1130,24467,53,27115412,1119,24232,52,"E. K-8|K-8,751+",EK-8K-8751plus
Bergen,4470,Rochelle Park Twp,14435027,654,22080,27,14541474,658,22112,22,"J. K-12|K-8,401-750",JK-12K-8401-750
Bergen,4500,Rockleigh,805443,33,24407,12,789773,31,25477,10,K-12|Non-Operating,
Bergen,4600,Rutherford Boro,54782618,2605,21027,25,55493753,2616,21212,27,"M. K-12|K-12,1800-3500",MK-12K-121800-3500
Bergen,4610,Saddle Brook Twp,43382700,1812,23946,32,42710206,1788,23890,33,"L. K-12|K-12,0-1800",LK-12K-120-1800
Bergen,4620,Saddle River Boro,10312196,394,26187,43,10013844,367,27326,45,H. K-12|K-6,HK-12K-6
Bergen,4870,South Hackensack Twp,9957477,396,25138,43,9835320,380,25902,53,"I. K-12|K-8,0-400",IK-12K-80-400
Bergen,5150,Teaneck Twp,107122131,3641,29419,89,117982436,3781,31201,90,"N. K-12|K-12,3500+",NK-12K-123500plus
Bergen,5160,Tenafly Boro,85233273,3750,22728,48,85109418,3778,22527,45,"M. K-12|K-12,1800-3500",MK-12K-121800-3500
Bergen,5330,Upper Saddle River Boro,28361090,1143,24818,57,28572734,1112,25700,63,"E. K-8|K-8,751+",EK-8K-8751plus
Bergen,5410,Waldwick Boro,37853732,1634,23167,28,36707942,1647,22294,20,"L. K-12|K-12,0-1800",LK-12K-120-1800
Bergen,5430,Wallington Boro,24603301,1268,19407,5,25649491,1302,19706,6,"L. K-12|K-12,0-1800",LK-12K-120-1800
Bergen,5755,Westwood Regional,81629365,2811,29041,76,65294725,2837,23014,50,"M. K-12|K-12,1800-3500",MK-12K-121800-3500
Bergen,5830,Wood-Ridge Boro,25796308,1245,20718,13,25897575,1234,20981,13,"L. K-12|K-12,0-1800",LK-12K-120-1800
Bergen,5880,Woodcliff Lake Boro,18804801,739,25446,49,20409774,714,28577,58,"D. K-8|K-8,401-750",DK-8K-8401-750
Bergen,5920,Wyckoff Twp,47957786,1924,24926,58,47644484,1910,24945,58,"E. K-8|K-8,751+",EK-8K-8751plus
Bergen,6013,Bergen Arts And Sciences,16467555,1155,14256,17,17553721,1162,15101,29,O. Charter,OCharter
Bergen,6430,Englewood On The Palisad,5527193,312,17698,40,5510499,321,17193,42,O. Charter,OCharter
Bergen,7890,Teaneck Community Cs,6513632,323,20147,72,6881652,333,20672,76,O. Charter,OCharter
Burlington,200,Bass River Twp,2778833,105,26390,44,2764645,93,29626,52,A. K-6|K-6,AK-6K-6
Burlington,380,Beverly City,8518823,374,22756,23,8928638,383,23289,31,"I. K-12|K-8,0-400",IK-12K-80-400
Burlington,475,Bordentown Regional,51817667,2414,21470,32,51806033,2398,21607,33,"M. K-12|K-12,1800-3500",MK-12K-121800-3500
Burlington,600,Burlington City,54468586,1668,32647,50,52884963,1786,29617,49,"L. K-12|K-12,0-1800",LK-12K-120-1800
Burlington,605,Burlington Co Spec Serv,49659427,608,81668,6,47527473,597,79613,5,P. CSSD,PCSSD
Burlington,610,Burlington Co Vocational,51869816,2068,25084,10,50040673,2089,23955,9,Q. County Voc,QCountyVoc
Burlington,620,Burlington Twp,82401234,3763,21898,37,82920163,3752,22099,44,"N. K-12|K-12,3500+",NK-12K-123500plus
Burlington,830,Chesterfield Twp,14733256,791,18628,7,15685809,765,20497,17,A. K-6|K-6,AK-6K-6
Burlington,840,Cinnaminson Twp,55011748,2578,21336,30,56585480,2721,20797,25,"M. K-12|K-12,1800-3500",MK-12K-121800-3500
Burlington,1030,Delanco Twp,11018226,510,21602,17,11757623,536,21949,21,"I. K-12|K-8,0-400",IK-12K-80-400
Burlington,1060,Delran Twp,57840678,3014,19194,8,58859999,3030,19423,10,"M. K-12|K-12,1800-3500",MK-12K-121800-3500
Burlington,1250,Eastampton Twp,13156679,607,21666,20,13288408,575,23093,31,"D. K-8|K-8,401-750",DK-8K-8401-750
Burlington,1280,Edgewater Park Twp,21867981,1052,20795,29,23379568,1141,20492,25,"K. K-12|K-8,751+",KK-12K-8751plus
Burlington,1420,Evesham Twp,95566945,4446,21496,33,92733240,4478,20707,27,"E. K-8|K-8,751+",EK-8K-8751plus
Burlington,1520,Florence Twp,34248171,1606,21331,17,35111828,1604,21887,18,"L. K-12|K-12,0-1800",LK-12K-120-1800
Burlington,1910,Hainesport Twp,12411289,585,21233,18,12140310,581,20912,12,"D. K-8|K-8,401-750",DK-8K-8401-750
Burlington,2610,Lenape Regional,184424574,6862,26877,22,187073302,6888,27160,22,"G. G9-12|7-12,9-12",GG9-127-129-12
Burlington,2850,Lumberton Twp,28037919,1249,22447,40,27849665,1195,23314,46,"E. K-8|K-8,751+",EK-8K-8751plus
Burlington,2960,Mansfield Twp,14523689,540,26906,45,15009124,548,27381,46,A. K-6|K-6,AK-6K-6
Burlington,3010,Maple Shade Twp,48007101,2294,20929,23,52048310,2382,21854,38,"M. K-12|K-12,1800-3500",MK-12K-121800-3500
Burlington,3070,Medford Lakes Boro,9547202,519,18390,5,9582059,536,17863,2,"D. K-8|K-8,401-750",DK-8K-8401-750
Burlington,3080,Medford Twp,62070827,2694,23044,42,61653923,2686,22957,43,"E. K-8|K-8,751+",EK-8K-8751plus
Burlington,3360,Moorestown Twp,93361289,4017,23243,57,92853177,4012,23145,55,"N. K-12|K-12,3500+",NK-12K-123500plus
Burlington,3430,Mount Holly Twp,26750019,1124,23798,49,25269049,1146,22049,36,"E. K-8|K-8,751+",EK-8K-8751plus
Burlington,3440,Mount Laurel Twp,86435191,4257,20304,23,87900881,4319,20350,23,"E. K-8|K-8,751+",EK-8K-8751plus
Burlington,3540,New Hanover Twp,6252311,208,30060,70,6152234,212,29047,64,"I. K-12|K-8,0-400",IK-12K-80-400
Burlington,3650,North Hanover Twp,27325976,1107,24675,38,33310802,1197,27823,48,A. K-6|K-6,AK-6K-6
Burlington,3690,Northern Burlington Reg,45645294,2190,20846,3,51267700,2189,23419,10,"F. G7-12|7-12,9-12",FG7-127-129-12
Burlington,3920,Palmyra Boro,20373419,952,21411,18,21325408,941,22654,23,"L. K-12|K-12,0-1800",LK-12K-120-1800
Burlington,4050,Pemberton Twp,130730729,4891,26732,84,133305040,4742,28114,85,"N. K-12|K-12,3500+",NK-12K-123500plus
Burlington,4320,Rancocas Valley Regional,45550001,2107,21623,6,42218077,2119,19926,2,"G. G9-12|7-12,9-12",GG9-127-129-12
Burlington,4450,Riverside Twp,29789613,1451,20534,11,30636585,1469,20861,12,"L. K-12|K-12,0-1800",LK-12K-120-1800
Burlington,4460,Riverton,6827805,356,19157,3,6989954,370,18873,3,"I. K-12|K-8,0-400",IK-12K-80-400
Burlington,4740,Shamong Twp,16402523,744,22050,26,16270409,730,22295,24,"D. K-8|K-8,401-750",DK-8K-8401-750
Burlington,4930,Southampton Twp,18140980,718,25283,48,17203170,700,24576,44,"D. K-8|K-8,401-750",DK-8K-8401-750
Burlington,5010,Springfield Twp,5865657,228,25724,41,5531718,247,22396,29,A. K-6|K-6,AK-6K-6
Burlington,5130,Tabernacle Twp,16975131,708,23991,39,15989909,683,23427,35,"D. K-8|K-8,401-750",DK-8K-8401-750
Burlington,5490,Washington Twp,1300801,63,20648,6,1435400,64,22428,7,K-12|Non-Operating,
Burlington,5720,Westampton,17273313,1029,16788,2,18307247,1047,17495,3,"E. K-8|K-8,751+",EK-8K-8751plus
Burlington,5805,Willingboro Twp,89676709,3464,25886,67,89094156,3557,25046,59,"M. K-12|K-12,1800-3500",MK-12K-121800-3500
Burlington,5890,Woodland Twp,3424649,135,25457,48,3377311,135,25061,48,"C. K-8|K-8,0-400",CK-8K-80-400
Burlington,6026,Riverbank Charter School,1921868,153,12586,4,1954809,153,12760,4,O. Charter,OCharter
Burlington,6076,Benjamin Banneker Prep Cs,5011547,357,14046,15,5897631,356,16576,36,O. Charter,OCharter
Camden,150,Audubon Boro,30746499,1515,20292,9,30210896,1489,20286,10,"L. K-12|K-12,0-1800",LK-12K-120-1800
Camden,190,Barrington Boro,16976405,816,20818,16,16987679,845,20107,6,"J. K-12|K-8,401-750",JK-12K-8401-750
Camden,260,Bellmawr Boro,22743245,1229,18502,5,22797545,1226,18595,7,"E. K-8|K-8,751+",EK-8K-8751plus
Camden,330,Berlin Boro,14700385,830,17721,3,14766416,819,18021,5,"E. K-8|K-8,751+",EK-8K-8751plus
Camden,340,Berlin Twp,19531504,797,24508,43,18749696,800,23447,36,"J. K-12|K-8,401-750",JK-12K-8401-750
Camden,390,Black Horse Pike Regional,86479339,3625,23856,9,84737946,3652,23203,9,"G. G9-12|7-12,9-12",GG9-127-129-12
Camden,580,Brooklawn Boro,7510851,373,20161,7,7348843,357,20582,9,"I. K-12|K-8,0-400",IK-12K-80-400
Camden,680,Camden City,303155016,9082,33379,91,287402463,8492,33843,91,"N. K-12|K-12,3500+",NK-12K-123500plus
Camden,700,Camden County Vocational,52737290,2077,25393,11,53081961,2060,25770,12,Q. County Voc,QCountyVoc
Camden,800,Cherry Hill Twp,235022906,10970,21424,28,237420551,11013,21558,33,"N. K-12|K-12,3500+",NK-12K-123500plus
Camden,880,Clementon Boro,14234828,634,22456,28,13670967,647,21124,16,"J. K-12|K-8,401-750",JK-12K-8401-750
Camden,940,Collingswood Boro,44648918,2132,20940,24,46566741,2249,20704,23,"M. K-12|K-12,1800-3500",MK-12K-121800-3500
Camden,1255,Eastern Camden County Reg,44778516,1985,22563,8,41868219,1961,21354,6,"G. G9-12|7-12,9-12",GG9-127-129-12
Camden,1720,Gibbsboro Boro,5657451,275,20573,9,5792522,265,21879,19,"C. K-8|K-8,0-400",CK-8K-80-400
Camden,1770,Gloucester City,60738019,2499,24302,54,63813747,2300,27745,73,"M. K-12|K-12,1800-3500",MK-12K-121800-3500
Camden,1780,Gloucester Twp,131423852,6396,20547,27,135835265,6544,20757,28,"E. K-8|K-8,751+",EK-8K-8751plus
Camden,1799,Kipp Cooper Norcross,30636683,1351,22678,85,34230240,1479,23142,85,O. Charter,OCharter
Camden,1801,Camden Prep,14757885,821,17968,46,17970028,N.R.,N.R.,,O. Charter,OCharter
Camden,1802,Mastery Schools Of Camden,46269911,2268,20398,73,49561758,2629,18850,60,O. Charter,OCharter
Camden,1880,Haddon Heights Boro,27959201,1474,18975,4,28523890,1515,18825,4,"L. K-12|K-12,0-1800",LK-12K-120-1800
Camden,1890,Haddon Twp,44432648,2101,21147,26,43752855,2111,20731,24,"M. K-12|K-12,1800-3500",MK-12K-121800-3500
Camden,1900,Haddonfield,49409889,2750,17967,4,49967171,2724,18343,3,"M. K-12|K-12,1800-3500",MK-12K-121800-3500
Camden,2130,Hi Nella,2715255,148,18346,3,3177532,152,20905,5,K-12|Non-Operating,
Camden,2540,Laurel Springs Boro,5792385,325,17837,6,6119257,307,19940,10,H. K-12|K-6,HK-12K-6
Camden,2560,Lawnside Boro,10456463,456,22913,24,9799901,447,21932,20,"I. K-12|K-8,0-400",IK-12K-80-400
Camden,2670,Lindenwold Boro,56408930,2890,19520,10,59139625,3048,19401,8,"M. K-12|K-12,1800-3500",MK-12K-121800-3500
Camden,2890,Magnolia Boro,9472903,409,23159,26,9182198,404,22745,24,"C. K-8|K-8,0-400",CK-8K-80-400
Camden,3110,Merchantville Boro,9736006,541,17988,2,10593169,562,18842,3,"J. K-12|K-8,401-750",JK-12K-8401-750
Camden,3420,Mount Ephraim Boro,12335658,573,21512,19,12337548,590,20911,11,"J. K-12|K-8,401-750",JK-12K-8401-750
Camden,3770,Oaklyn Boro,9243123,464,19930,18,10428770,517,20169,13,H. K-12|K-6,HK-12K-6
Camden,4060,Pennsauken Twp,112925330,4794,23555,62,110406498,4815,22930,52,"N. K-12|K-12,3500+",NK-12K-123500plus
Camden,4110,Pine Hill Boro,44237529,1889,23414,52,42340026,1925,21992,39,"M. K-12|K-12,1800-3500",MK-12K-121800-3500
Camden,4590,Runnemede Boro,17030031,835,20406,25,17693196,873,20263,20,"E. K-8|K-8,751+",EK-8K-8751plus
Camden,4790,Somerdale Boro,9838431,487,20194,11,10111416,483,20940,13,"D. K-8|K-8,401-750",DK-8K-8401-750
Camden,5035,Sterling High School Dist,21145817,972,21761,7,20018570,935,21414,7,"G. G9-12|7-12,9-12",GG9-127-129-12
Camden,5080,Stratford Boro,17310753,910,19034,10,16980378,873,19452,13,"E. K-8|K-8,751+",EK-8K-8751plus
Camden,5400,Voorhees Twp,59450415,3011,19745,14,59804591,2978,20084,18,"E. K-8|K-8,751+",EK-8K-8751plus
Camden,5560,Waterford Twp,31507989,1529,20611,22,32302569,1584,20396,16,H. K-12|K-6,HK-12K-6
Camden,5820,Winslow Twp,128546910,4836,26581,82,116506995,4833,24106,68,"N. K-12|K-12,3500+",NK-12K-123500plus
Camden,5900,Woodlynne Boro,11755555,553,21262,14,11331830,550,20623,10,"I. K-12|K-8,0-400",IK-12K-80-400
Camden,6086,Hope Community Cs,2940253,153,19192,64,2782542,118,23661,86,O. Charter,OCharter
Camden,6107,Camden�s Promise Charter,38609629,2161,17868,44,39478316,2183,18086,51,O. Charter,OCharter
Camden,6232,Eco Charter School,4623493,185,24938,88,4033898,202,19970,72,O. Charter,OCharter
Camden,6240,Freedom Prep Charter Sch,16717846,867,19278,65,15094575,838,18008,50,O. Charter,OCharter
Camden,7109,Leap Academy University,27135372,1504,18042,47,26544426,1521,17450,45,O. Charter,OCharter
Cape May,170,Avalon Boro,5184521,104,50025,81,4626501,103,44811,81,"I. K-12|K-8,0-400",IK-12K-80-400
Cape May,710,Cape May City,4866935,153,31765,55,4791443,150,32038,55,A. K-6|K-6,AK-6K-6
Cape May,715,Cape May Co Special Serv,14518587,229,63354,3,14936738,233,64204,3,P. CSSD,PCSSD
Cape May,720,Cape May Co Vocational,18155843,632,28708,17,18028173,633,28463,17,Q. County Voc,QCountyVoc
Cape May,730,Cape May Point,94283,4,23571,10,79570,3,26523,12,K-12|Non-Operating,
Cape May,1080,Dennis Twp,19875524,652,30507,60,19154205,744,25744,49,"J. K-12|K-8,401-750",JK-12K-8401-750
Cape May,2820,Lower Cape May Regional,38590766,1310,29461,34,36046330,1308,27559,25,"F. G7-12|7-12,9-12",FG7-127-129-12
Cape May,2840,Lower Twp,34800440,1736,20044,19,33931551,1635,20749,22,A. K-6|K-6,AK-6K-6
Cape May,3130,Middle Twp,56426781,2555,22087,43,56221826,2608,21559,31,"M. K-12|K-12,1800-3500",MK-12K-121800-3500
Cape May,3680,North Wildwood City,9590260,252,38063,79,9712796,246,39559,79,"I. K-12|K-8,0-400",IK-12K-80-400
Cape May,3780,Ocean City,53207568,2155,24696,59,51625285,2120,24347,55,"M. K-12|K-12,1800-3500",MK-12K-121800-3500
Cape May,4700,Sea Isle City,2025216,83,24400,11,2079432,82,25359,9,H. K-12|K-6,HK-12K-6
Cape May,5060,Stone Harbor Boro,3614215,114,31614,72,3471970,103,33612,73,"I. K-12|K-8,0-400",IK-12K-80-400
Cape May,5340,Upper Twp,38358373,1998,19202,11,40188654,1982,20274,21,"K. K-12|K-8,751+",KK-12K-8751plus
Cape May,5610,West Cape May Boro,2231221,97,23103,31,2128995,92,23206,30,A. K-6|K-6,AK-6K-6
Cape May,5700,West Wildwood,970566,30,32352,13,819032,28,29251,13,K-12|Non-Operating,
Cape May,5790,Wildwood City,25267925,913,27668,45,24771001,906,27351,44,"L. K-12|K-12,0-1800",LK-12K-120-1800
Cape May,5800,Wildwood Crest Boro,11377558,306,37146,76,10922478,305,35869,76,"I. K-12|K-8,0-400",IK-12K-80-400
Cape May,5840,Woodbine Boro,7336454,277,26491,50,7165845,278,25785,52,"I. K-12|K-8,0-400",IK-12K-80-400
Cumberland,540,Bridgeton City,138092768,6507,21224,27,140642892,6501,21634,35,"N. K-12|K-12,3500+",NK-12K-123500plus
Cumberland,950,Commercial Twp,15844841,766,20693,15,15021173,663,22648,29,"J. K-12|K-8,401-750",JK-12K-8401-750
Cumberland,995,Cumberland Co Vocational,20210875,703,28749,18,23489906,940,25003,11,Q. County Voc,QCountyVoc
Cumberland,997,Cumberland Regional,29784486,1072,27789,30,29025456,1013,28652,29,"G. G9-12|7-12,9-12",GG9-127-129-12
Cumberland,1020,Deerfield Twp,7265134,305,23808,34,7228098,270,26751,57,"C. K-8|K-8,0-400",CK-8K-80-400
Cumberland,1120,Downe Twp,4554354,194,23522,33,4297424,187,22937,28,"I. K-12|K-8,0-400",IK-12K-80-400
Cumberland,1460,Fairfield Twp,13561991,578,23465,33,13117294,548,23932,41,"D. K-8|K-8,401-750",DK-8K-8401-750
Cumberland,1820,Greenwich Twp,1844452,67,27681,55,1650229,86,19235,4,"C. K-8|K-8,0-400",CK-8K-80-400
Cumberland,2270,Hopewell Twp,9267156,508,18247,4,10526829,503,20909,10,"D. K-8|K-8,401-750",DK-8K-8401-750
Cumberland,2570,Lawrence Twp,11755046,591,19902,9,11884685,567,20977,14,"J. K-12|K-8,401-750",JK-12K-8401-750
Cumberland,3050,Maurice River Twp,9787333,523,18709,2,9841260,525,18763,2,"I. K-12|K-8,0-400",IK-12K-80-400
Cumberland,3230,Millville City,122771898,5527,22214,43,126813308,5301,23922,65,"N. K-12|K-12,3500+",NK-12K-123500plus
Cumberland,5070,Stow Creek Twp,2624075,119,22108,19,2709995,128,21175,13,"C. K-8|K-8,0-400",CK-8K-80-400
Cumberland,5300,Upper Deerfield Twp,19619253,877,22367,39,19794336,851,23254,44,"E. K-8|K-8,751+",EK-8K-8751plus
Cumberland,5390,Vineland City,242470100,10695,22672,48,222412971,10777,20638,21,"N. K-12|K-12,3500+",NK-12K-123500plus
Cumberland,6028,Vineland Public Charter,4632168,347,13349,8,3962283,311,12745,3,O. Charter,OCharter
Cumberland,6069,Millville Public Charter,3623982,204,17765,42,3447321,227,15166,30,O. Charter,OCharter
Cumberland,6089,Compass Academy Cs,2550917,196,13002,6,2450649,188,13015,7,O. Charter,OCharter
Cumberland,6100,Bridgeton Public Charter,1686668,99,17072,35,1695941,99,17096,41,O. Charter,OCharter
Essex,250,Belleville Town,87596927,4532,19328,7,93001632,4595,20238,14,"N. K-12|K-12,3500+",NK-12K-123500plus
Essex,410,Bloomfield Twp,121374892,6371,19052,5,129958510,6345,20481,20,"N. K-12|K-12,3500+",NK-12K-123500plus
Essex,660,Caldwell-West Caldwell,57232493,2664,21484,33,58239852,2729,21345,28,"M. K-12|K-12,1800-3500",MK-12K-121800-3500
Essex,760,Cedar Grove Twp,36761786,1590,23119,26,37898194,1616,23459,30,"L. K-12|K-12,0-1800",LK-12K-120-1800
Essex,1210,East Orange,285111166,10094,28245,88,292601833,10126,28896,87,"N. K-12|K-12,3500+",NK-12K-123500plus
Essex,1390,Essex Co Voc-Tech,65995356,2316,28495,16,70639107,2355,29999,19,Q. County Voc,QCountyVoc
Essex,1400,Essex Fells Boro,6028637,254,23724,33,6323227,256,24747,36,A. K-6|K-6,AK-6K-6
Essex,1465,Fairfield Twp,13900368,674,20617,23,14426663,696,20738,21,A. K-6|K-6,AK-6K-6
Essex,1750,Glen Ridge Boro,40285008,1933,20841,22,40499924,1890,21426,30,"M. K-12|K-12,1800-3500",MK-12K-121800-3500
Essex,2330,Irvington Township,188916840,7710,24503,73,187192812,8268,22641,46,"N. K-12|K-12,3500+",NK-12K-123500plus
Essex,2730,Livingston Twp,144838805,6087,23794,65,145471479,6190,23503,59,"N. K-12|K-12,3500+",NK-12K-123500plus
Essex,3190,Millburn Twp,113611778,4828,23530,60,114035027,4864,23446,58,"N. K-12|K-12,3500+",NK-12K-123500plus
Essex,3310,Montclair Town,159310856,6750,23601,64,161181491,6707,24033,67,"N. K-12|K-12,3500+",NK-12K-123500plus
Essex,3570,Newark City,1035356644,42269,24494,72,1090199096,42078,25909,80,"N. K-12|K-12,3500+",NK-12K-123500plus
Essex,3630,North Caldwell Boro,15260372,679,22474,28,15673089,708,22137,27,A. K-6|K-6,AK-6K-6
Essex,3750,Nutley Town,83042039,4127,20123,14,85469246,4102,20837,24,"N. K-12|K-12,3500+",NK-12K-123500plus
Essex,3880,City Of Orange Twp,136471180,5598,24379,71,139388964,5776,24133,70,"N. K-12|K-12,3500+",NK-12K-123500plus
Essex,4530,Roseland Boro,10537155,468,22509,29,10973192,466,23545,33,A. K-6|K-6,AK-6K-6
Essex,4900,South Orange-Maplewood,149353671,7290,20487,19,151641718,7411,20462,19,"N. K-12|K-12,3500+",NK-12K-123500plus
Essex,5370,Verona Boro,45460522,2204,20629,21,47219646,2315,20401,19,"M. K-12|K-12,1800-3500",MK-12K-121800-3500
Essex,5630,West Essex Regional,47358134,1727,27418,26,48444243,1684,28773,31,"F. G7-12|7-12,9-12",FG7-127-129-12
Essex,5680,West Orange Town,185528126,6712,27643,86,190220689,6733,28253,86,"N. K-12|K-12,3500+",NK-12K-123500plus
Essex,6020,Pride Academy Charter Sc,5446445,288,18944,61,5249109,285,18405,54,O. Charter,OCharter
Essex,6022,Burch Charter School Of,5936055,349,17009,34,5671180,356,15930,32,O. Charter,OCharter
Essex,6029,Newark Educators Communi,5516783,253,21797,81,5565285,220,25320,88,O. Charter,OCharter
Essex,6053,Great Oaks Legacy Charte,32910268,1562,21068,77,33116022,1659,19958,71,O. Charter,OCharter
Essex,6057,Peoples Preparatory Char,8482624,373,22754,86,8546314,374,22876,83,O. Charter,OCharter
Essex,6058,Roseville Community Cs,6661287,324,20572,75,6961593,269,25841,89,O. Charter,OCharter
Essex,6094,Phillip's Academy Cs,7764410,422,18399,54,8598097,458,18777,58,O. Charter,OCharter
Essex,6099,Link Community Charter S,6106008,289,21106,78,6074813,302,20122,73,O. Charter,OCharter
Essex,6109,Lead Charter School,3222876,222,14531,18,4176837,240,17440,44,O. Charter,OCharter
Essex,6110,Achieve Community Charte,4067366,221,18388,52,5471385,300,18238,53,O. Charter,OCharter
Essex,6320,Discovery Cs,2181221,100,21812,83,1847854,100,18479,55,O. Charter,OCharter
Essex,6410,East Orange Community Cs,8396413,491,17104,36,8775135,465,18859,61,O. Charter,OCharter
Essex,6665,Gray Cs,6356683,349,18230,49,6463294,339,19055,62,O. Charter,OCharter
Essex,7210,Marion P. Thomas Cs,32309438,1481,21810,82,30941686,1414,21879,80,O. Charter,OCharter
Essex,7290,New Horizons Comm. Cs,12798946,679,18850,59,10270552,537,19129,63,O. Charter,OCharter
Essex,7320,North Star Academy Chart,108270756,5382,20118,71,105167798,5916,17777,46,O. Charter,OCharter
Essex,7325,Team Academy Charter Sch,91170159,4368,20873,76,99548137,4749,20961,78,O. Charter,OCharter
Essex,7730,Robert Treat Academy Cs,12386215,683,18135,48,11639718,688,16911,38,O. Charter,OCharter
Essex,7735,Maria L. Varisco-Rogers,11319940,554,20426,74,11535188,558,20672,76,O. Charter,OCharter
Essex,8065,University Heights Cs,32972995,826,39943,89,17869583,746,23941,87,O. Charter,OCharter
Gloucester,860,Clayton Boro,29463055,1501,19628,7,30029282,1509,19899,9,"L. K-12|K-12,0-1800",LK-12K-120-1800
Gloucester,870,Clearview Regional,45010047,2281,19736,2,44929626,2222,20219,3,"F. G7-12|7-12,9-12",FG7-127-129-12
Gloucester,1100,Deptford Twp,82625875,4203,19661,12,83093582,4152,20012,11,"N. K-12|K-12,3500+",NK-12K-123500plus
Gloucester,1180,East Greenwich Twp,23198727,1306,17761,3,23826484,1324,17997,2,A. K-6|K-6,AK-6K-6
Gloucester,1330,Elk Twp,6902613,351,19660,14,7129623,327,21824,26,A. K-6|K-6,AK-6K-6
Gloucester,1590,Franklin Twp,25036819,1423,17600,2,27270893,1430,19076,7,A. K-6|K-6,AK-6K-6
Gloucester,1715,Gateway Regional,25353545,931,27244,25,25916857,949,27305,24,"F. G7-12|7-12,9-12",FG7-127-129-12
Gloucester,1730,Glassboro,49554507,1969,25164,62,47735669,1963,24324,54,"M. K-12|K-12,1800-3500",MK-12K-121800-3500
Gloucester,1774,Gloucester Co Spec Serv,38209375,604,63247,2,35773469,573,62392,1,P. CSSD,PCSSD
Gloucester,1775,Gloucester Co Vocational,29215560,1531,19082,3,29847023,1590,18773,4,Q. County Voc,QCountyVoc
Gloucester,1830,Greenwich Twp,13510745,490,27561,53,13513151,531,25467,49,"I. K-12|K-8,0-400",IK-12K-80-400
Gloucester,2070,Harrison Twp,24268797,1362,17819,5,24274741,1436,16905,1,A. K-6|K-6,AK-6K-6
Gloucester,2440,Kingsway Regional,48626844,2752,17670,1,51234326,2850,17980,1,"F. G7-12|7-12,9-12",FG7-127-129-12
Gloucester,2750,Logan Twp,22726791,1137,19983,19,22158067,1095,20241,19,"K. K-12|K-8,751+",KK-12K-8751plus
Gloucester,2990,Mantua Twp,25354899,1272,19929,17,25801016,1275,20237,15,A. K-6|K-6,AK-6K-6
Gloucester,3280,Monroe Twp,113218656,5826,19435,8,110135904,5953,18502,3,"N. K-12|K-12,3500+",NK-12K-123500plus
Gloucester,3490,National Park Boro,5733592,276,20773,25,5937595,294,20200,14,A. K-6|K-6,AK-6K-6
Gloucester,3580,Newfield Boro,3589915,231,15541,1,4129139,258,16035,2,K-12|Non-Operating,
Gloucester,4020,Paulsboro Boro,26986913,1232,21907,20,26470171,1214,21805,17,"L. K-12|K-12,0-1800",LK-12K-120-1800
Gloucester,4140,Pitman Boro,30018600,1288,23311,29,29012977,1262,22988,25,"L. K-12|K-12,0-1800",LK-12K-120-1800
Gloucester,4880,South Harrison Twp,7092387,364,19492,13,6701875,333,20125,11,A. K-6|K-6,AK-6K-6
Gloucester,4940,Delsea Regional H.S Dist.,41998523,1659,25315,16,40718325,1662,24495,11,"F. G7-12|7-12,9-12",FG7-127-129-12
Gloucester,5120,Swedesboro-Woolwich,32687877,1656,19745,15,33861333,1604,21108,24,A. K-6|K-6,AK-6K-6
Gloucester,5500,Washington Twp,166696073,7209,23124,54,165372160,7249,22814,49,"N. K-12|K-12,3500+",NK-12K-123500plus
Gloucester,5590,Wenonah Boro,4031052,178,22615,30,4075846,169,24065,34,A. K-6|K-6,AK-6K-6
Gloucester,5620,West Deptford Twp,58284327,2963,19670,12,58941073,2997,19667,12,"M. K-12|K-12,1800-3500",MK-12K-121800-3500
Gloucester,5740,Westville Boro,6479301,402,16125,1,6777719,369,18370,3,A. K-6|K-6,AK-6K-6
Gloucester,5860,Woodbury City,35545046,1550,22936,25,36873041,1660,22209,19,"L. K-12|K-12,0-1800",LK-12K-120-1800
Gloucester,5870,Woodbury Heights Boro,4589784,239,19241,12,4660445,252,18475,4,A. K-6|K-6,AK-6K-6
Hudson,220,Bayonne City,176423311,9612,18355,4,186622982,9790,19064,5,"N. K-12|K-12,3500+",NK-12K-123500plus
Hudson,1200,East Newark Boro,6010957,360,16697,1,6254282,351,17818,1,"I. K-12|K-8,0-400",IK-12K-80-400
Hudson,1850,Guttenberg Town,23337442,1291,18073,4,24090609,1367,17630,4,"K. K-12|K-8,751+",KK-12K-8751plus
Hudson,2060,Harrison Town,65561808,2370,27663,73,66115118,2270,29130,75,"M. K-12|K-12,1800-3500",MK-12K-121800-3500
Hudson,2210,Hoboken City,78794697,2854,27609,72,107543473,3130,34363,76,"M. K-12|K-12,1800-3500",MK-12K-121800-3500
Hudson,2295,Hudson County Vocational,79517821,2629,30247,19,80870388,2700,29955,18,Q. County Voc,QCountyVoc
Hudson,2390,Jersey City,732357130,28197,25973,78,699386305,27903,25065,75,"N. K-12|K-12,3500+",NK-12K-123500plus
Hudson,2410,Kearny Town,110981856,5352,20736,23,112412248,5301,21205,29,"N. K-12|K-12,3500+",NK-12K-123500plus
Hudson,3610,North Bergen Twp,154067689,7560,20379,17,146818839,7557,19429,7,"N. K-12|K-12,3500+",NK-12K-123500plus
Hudson,4730,Secaucus Town,47179779,2289,20615,20,47942179,2282,21007,26,"M. K-12|K-12,1800-3500",MK-12K-121800-3500
Hudson,5240,Union City,328387245,13736,23908,68,337804544,13715,24631,72,"N. K-12|K-12,3500+",NK-12K-123500plus
Hudson,5580,Weehawken Twp,33120977,1454,22785,23,33626799,1414,23777,32,"L. K-12|K-12,0-1800",LK-12K-120-1800
Hudson,5670,West New York Town,187836747,9069,20711,22,188933157,9051,20876,26,"N. K-12|K-12,3500+",NK-12K-123500plus
Hudson,6030,The Ethical Community Ch,5032915,383,13144,7,5404378,394,13710,10,O. Charter,OCharter
Hudson,6036,Hola Hoboken Dual Lang Cs,5461914,399,13692,10,5777385,407,14195,15,O. Charter,OCharter
Hudson,6064,Dr Lena Edwards Academic,6503930,394,16524,31,6412234,392,16349,35,O. Charter,OCharter
Hudson,6082,Beloved Community Charte,13392915,1074,12476,3,17259383,1198,14407,21,O. Charter,OCharter
Hudson,6093,Jersey City Global Cs,4826590,425,11357,1,5549325,468,11868,1,O. Charter,OCharter
Hudson,6103,Empowerment Academy,7141324,575,12415,2,8992395,718,12526,2,O. Charter,OCharter
Hudson,6105,Hudson Arts And Science,10185441,695,14647,23,11663983,800,14584,24,O. Charter,OCharter
Hudson,6420,Elysian Cs Of Hoboken,5431411,288,18859,60,4979889,288,17297,43,O. Charter,OCharter
Hudson,6720,Hoboken Cs,5894362,298,19806,68,5575108,297,18765,57,O. Charter,OCharter
Hudson,6910,Jersey City Comm. Cs,8643786,568,15231,26,8236572,580,14199,16,O. Charter,OCharter
Hudson,6915,Jersey City Golden Door,8052604,533,15122,25,7988855,560,14276,18,O. Charter,OCharter
Hudson,7115,Learning Community Cs,8237816,587,14046,15,8792926,592,14855,26,O. Charter,OCharter
Hudson,7830,Soaring Heights Cs,3657919,266,13757,12,3563602,269,13248,8,O. Charter,OCharter
Hudson,8060,University Academy Cs,8547830,431,19856,69,8164972,426,19171,64,O. Charter,OCharter
Hunterdon,20,Alexandria Twp,12273020,481,25529,51,12273181,481,25509,47,"D. K-8|K-8,401-750",DK-8K-8401-750
Hunterdon,370,Bethlehem Twp,11544367,337,34245,74,10056209,322,31264,69,"C. K-8|K-8,0-400",CK-8K-80-400
Hunterdon,430,Bloomsbury Boro,3223922,131,24577,39,3041199,126,24240,38,"I. K-12|K-8,0-400",IK-12K-80-400
Hunterdon,670,Califon Boro,3180040,82,38609,80,3184526,84,37856,78,"C. K-8|K-8,0-400",CK-8K-80-400
Hunterdon,910,Clinton Town,10965121,421,26059,49,10755650,436,24685,43,"C. K-8|K-8,0-400",CK-8K-80-400
Hunterdon,920,Clinton Twp,34194508,1272,26887,67,34397365,1239,27753,70,"E. K-8|K-8,751+",EK-8K-8751plus
Hunterdon,1040,Delaware Twp,10880039,376,28947,65,11556614,379,30535,68,"C. K-8|K-8,0-400",CK-8K-80-400
Hunterdon,1050,Delaware Valley Regional,24466757,684,35782,46,21571485,698,30898,38,"G. G9-12|7-12,9-12",GG9-127-129-12
Hunterdon,1160,East Amwell Twp,9968209,363,27450,52,10049135,357,28123,62,"C. K-8|K-8,0-400",CK-8K-80-400
Hunterdon,1376,South-Hunterdon,28184611,923,30544,49,27283653,940,29020,47,"L. K-12|K-12,0-1800",LK-12K-120-1800
Hunterdon,1510,Flemington-Raritan Reg,76373974,3101,24629,54,74213174,3023,24553,54,"E. K-8|K-8,751+",EK-8K-8751plus
Hunterdon,1600,Franklin Twp,8087127,283,28554,63,7927282,286,27723,61,"C. K-8|K-8,0-400",CK-8K-80-400
Hunterdon,1680,Frenchtown Boro,3700325,130,28446,62,3440530,124,27698,60,"C. K-8|K-8,0-400",CK-8K-80-400
Hunterdon,1970,Hampton Boro,3834728,137,28088,60,3986811,123,32375,71,"C. K-8|K-8,0-400",CK-8K-80-400
Hunterdon,2140,High Bridge Boro,10128482,365,27782,56,9595157,363,26437,55,"C. K-8|K-8,0-400",CK-8K-80-400
Hunterdon,2220,Holland Twp,13106067,536,24440,40,13037151,531,24533,43,"D. K-8|K-8,401-750",DK-8K-8401-750
Hunterdon,2300,Hunterdon Central Reg,72225480,2783,25955,19,72502586,2670,27160,22,"G. G9-12|7-12,9-12",GG9-127-129-12
Hunterdon,2308,Hunterdon Co Vocational,9089456,404,22518,8,8455621,441,19196,5,Q. County Voc,QCountyVoc
Hunterdon,2450,Kingwood Twp,8357725,333,25125,42,8863906,358,24796,45,"C. K-8|K-8,0-400",CK-8K-80-400
Hunterdon,2590,Lebanon Boro,3377182,131,25712,40,3527063,134,26280,42,B. K-8|K-6,BK-8K-6
Hunterdon,2600,Lebanon Twp,15519329,628,24731,45,14980157,628,23862,40,"D. K-8|K-8,401-750",DK-8K-8401-750
Hunterdon,3180,Milford Boro,2651123,88,30033,54,2348156,91,25859,40,B. K-8|K-6,BK-8K-6
Hunterdon,3660,N Hunt/Voorhees Regional,66905219,2674,25019,12,64331090,2454,26214,18,"G. G9-12|7-12,9-12",GG9-127-129-12
Hunterdon,4350,Readington Twp,39985584,1503,26605,66,39780152,1486,26778,67,"E. K-8|K-8,751+",EK-8K-8751plus
Hunterdon,5180,Tewksbury Twp,17314062,540,32041,62,17328530,517,33519,63,"D. K-8|K-8,401-750",DK-8K-8401-750
Hunterdon,5270,Union Twp,12536206,441,28423,61,12065366,441,27339,59,"C. K-8|K-8,0-400",CK-8K-80-400
Mercer,1245,East Windsor Regional,113479056,5193,21853,36,114675648,5222,21962,40,"N. K-12|K-12,3500+",NK-12K-123500plus
Mercer,1430,Ewing Twp,84831888,3488,24321,56,88275199,3501,25213,60,"M. K-12|K-12,1800-3500",MK-12K-121800-3500
Mercer,1950,Hamilton Twp,238474116,11587,20581,20,236691702,11709,20214,13,"N. K-12|K-12,3500+",NK-12K-123500plus
Mercer,2280,Hopewell Valley Regional,100881906,3521,28651,75,100077228,3478,28774,74,"M. K-12|K-12,1800-3500",MK-12K-121800-3500
Mercer,2580,Lawrence Twp,89703738,3821,23479,59,92248804,3857,23917,64,"N. K-12|K-12,3500+",NK-12K-123500plus
Mercer,3103,Mercer Co Special Service,44708552,556,80411,5,48113117,548,87792,6,P. CSSD,PCSSD
Mercer,3105,Mercer County Vocational,14813218,531,27911,14,14531959,599,24279,10,Q. County Voc,QCountyVoc
Mercer,4255,Princeton,105928595,3814,27774,87,106307393,3897,27277,84,"N. K-12|K-12,3500+",NK-12K-123500plus
Mercer,5210,Trenton City,348883466,14636,23838,66,373723200,15395,24276,71,"N. K-12|K-12,3500+",NK-12K-123500plus
Mercer,5510,Robbinsville Twp,57033603,3180,17935,3,59439762,3162,18797,5,"M. K-12|K-12,1800-3500",MK-12K-121800-3500
Mercer,5715,W Windsor-Plainsboro Reg,212145109,9645,21996,40,204125235,9610,21241,30,"N. K-12|K-12,3500+",NK-12K-123500plus
Mercer,6017,Foundation Academy Cs,18222766,1044,17455,38,20754672,1071,19373,67,O. Charter,OCharter
Mercer,6025,Paul Robeson Humanities,6690128,375,17840,43,6703849,375,17877,48,O. Charter,OCharter
Mercer,6183,Trenton Stem-To-Civics Cs,11097407,565,19628,67,9977755,598,16699,37,O. Charter,OCharter
Mercer,6810,International Charter Sc,1668312,90,18620,58,1787260,90,19858,70,O. Charter,OCharter
Mercer,7500,Pace Cs Of Hamilton,5275665,339,15562,28,5395659,378,14274,17,O. Charter,OCharter
Mercer,7540,Princeton Cs,7723298,422,18310,50,7944318,423,18803,59,O. Charter,OCharter
Mercer,7895,Achievers Early College Prep Charter Sch,1373645,72,19078,62,2401549,168,14312,19,O. Charter,OCharter
Mercer,8140,Village Cs,6273519,360,17426,37,6390534,358,17851,47,O. Charter,OCharter
Middlesex,750,Carteret Boro,75790900,3941,19231,6,75975090,3976,19109,6,"N. K-12|K-12,3500+",NK-12K-123500plus
Middlesex,970,Cranbury Twp,21464028,756,28400,58,21158496,741,28568,57,"J. K-12|K-8,401-750",JK-12K-8401-750
Middlesex,1140,Dunellen Boro,25311206,1292,19590,6,26028441,1274,20428,11,"L. K-12|K-12,0-1800",LK-12K-120-1800
Middlesex,1170,East Brunswick Twp,190041448,8326,22825,49,189876454,8301,22874,50,"N. K-12|K-12,3500+",NK-12K-123500plus
Middlesex,1290,Edison Twp,291614358,16525,17647,1,299210007,16669,17951,1,"N. K-12|K-12,3500+",NK-12K-123500plus
Middlesex,2150,Highland Park Boro,41269560,1648,25036,36,41282410,1637,25218,38,"L. K-12|K-12,0-1800",LK-12K-120-1800
Middlesex,2370,Jamesburg Boro,18203234,972,18736,6,19352672,980,19755,5,"J. K-12|K-8,401-750",JK-12K-8401-750
Middlesex,3120,Metuchen Boro,50122671,2287,21921,40,49221465,2304,21367,29,"M. K-12|K-12,1800-3500",MK-12K-121800-3500
Middlesex,3140,Middlesex Boro,44280873,2086,21226,27,42462932,2089,20328,18,"M. K-12|K-12,1800-3500",MK-12K-121800-3500
Middlesex,3150,Middlesex Co Vocational,56306104,2170,25947,12,56797513,2190,25938,13,Q. County Voc,QCountyVoc
Middlesex,3220,Milltown Boro,19258583,1018,18925,9,20479007,1071,19125,10,"K. K-12|K-8,751+",KK-12K-8751plus
Middlesex,3290,Monroe Twp,147664959,6853,21548,31,149244040,6959,21447,32,"N. K-12|K-12,3500+",NK-12K-123500plus
Middlesex,3530,New Brunswick City,263959918,10743,24571,74,264927018,10310,25695,78,"N. K-12|K-12,3500+",NK-12K-123500plus
Middlesex,3620,North Brunswick Twp,130136049,5985,21744,34,135118272,6121,22077,43,"N. K-12|K-12,3500+",NK-12K-123500plus
Middlesex,3845,Old Bridge Twp,183309290,8506,21552,32,175029434,8388,20867,25,"N. K-12|K-12,3500+",NK-12K-123500plus
Middlesex,4090,Perth Amboy City,282423707,10887,25942,77,286373533,11196,25578,77,"N. K-12|K-12,3500+",NK-12K-123500plus
Middlesex,4130,Piscataway Twp,140221007,7165,19570,10,139005168,7144,19457,8,"N. K-12|K-12,3500+",NK-12K-123500plus
Middlesex,4660,Sayreville Boro,112221269,6276,17882,2,119014914,6246,19054,4,"N. K-12|K-12,3500+",NK-12K-123500plus
Middlesex,4830,South Amboy City,22051512,1107,19929,8,21291089,1134,18776,3,"L. K-12|K-12,0-1800",LK-12K-120-1800
Middlesex,4860,South Brunswick Twp,171347082,8658,19790,13,168087187,8561,19633,9,"N. K-12|K-12,3500+",NK-12K-123500plus
Middlesex,4910,South Plainfield Boro,73659984,3395,21697,37,75308280,3409,22090,41,"M. K-12|K-12,1800-3500",MK-12K-121800-3500
Middlesex,4920,South River Boro,41032907,2258,18174,5,42307653,2358,17944,2,"M. K-12|K-12,1800-3500",MK-12K-121800-3500
Middlesex,4970,Spotswood,34355634,1687,20363,10,33050058,1670,19792,7,"L. K-12|K-12,0-1800",LK-12K-120-1800
Middlesex,5850,Woodbridge Twp,270957196,13926,19456,9,284665035,13945,20414,17,"N. K-12|K-12,3500+",NK-12K-123500plus
Middlesex,6032,Academy For Urban Leader,10658281,552,19305,66,11179476,549,20367,75,O. Charter,OCharter
Middlesex,6041,Hatikvah International Cs,6699572,489,13692,10,7220543,518,13953,11,O. Charter,OCharter
Middlesex,6635,Greater Brunswick Cs,7830781,392,19956,70,7769949,394,19741,68,O. Charter,OCharter
Middlesex,7896,Middlesex Charter School,1293939,89,14539,20,2369263,184,12883,6,O. Charter,OCharter
Monmouth,50,Allenhurst,258057,6,43010,14,322170,6,53695,14,K-12|Non-Operating,
Monmouth,100,Asbury Park City,80959437,1854,43662,52,76207867,1962,38833,51,"L. K-12|K-12,0-1800",LK-12K-120-1800
Monmouth,130,Atlantic Highlands Boro,6930051,309,22423,27,7200496,309,23344,31,A. K-6|K-6,AK-6K-6
Monmouth,180,Avon Boro,5239938,188,27918,57,5270668,174,30321,67,"I. K-12|K-8,0-400",IK-12K-80-400
Monmouth,270,Belmar Boro,15052438,640,23524,34,14583675,644,22631,28,"J. K-12|K-8,401-750",JK-12K-8401-750
Monmouth,500,Bradley Beach Boro,9158183,390,23487,31,9461756,383,24729,44,"I. K-12|K-8,0-400",IK-12K-80-400
Monmouth,560,Brielle Boro,16244301,774,20996,17,16225445,749,21671,20,"J. K-12|K-8,401-750",JK-12K-8401-750
Monmouth,945,Colts Neck Twp,30371265,984,30859,73,30438281,998,30515,71,"E. K-8|K-8,751+",EK-8K-8751plus
Monmouth,1000,Deal Boro,4443303,175,25403,46,4996296,174,28783,63,"I. K-12|K-8,0-400",IK-12K-80-400
Monmouth,1260,Eatontown Boro,26428570,968,27293,69,26366142,1014,25991,64,"E. K-8|K-8,751+",EK-8K-8751plus
Monmouth,1440,Fair Haven Boro,18357183,970,18921,8,18814878,1009,18647,8,"E. K-8|K-8,751+",EK-8K-8751plus
Monmouth,1490,Farmingdale Boro,3451591,152,22661,22,3804868,167,22839,25,"C. K-8|K-8,0-400",CK-8K-80-400
Monmouth,1640,Freehold Boro,35742616,1715,20837,30,38053037,1694,22463,38,"E. K-8|K-8,751+",EK-8K-8751plus
Monmouth,1650,Freehold Regional,226197847,10628,21283,5,222448695,10564,21058,5,"G. G9-12|7-12,9-12",GG9-127-129-12
Monmouth,1660,Freehold Twp,88186305,3767,23410,45,87822520,3711,23664,47,"E. K-8|K-8,751+",EK-8K-8751plus
Monmouth,2105,Hazlet Twp,64097983,2809,22822,50,65580541,2594,25277,62,"M. K-12|K-12,1800-3500",MK-12K-121800-3500
Monmouth,2120,Henry Hudson Regional,11310170,324,34891,45,11273931,334,33728,46,"F. G7-12|7-12,9-12",FG7-127-129-12
Monmouth,2160,Highlands Boro,5606236,191,29334,53,5700133,184,30972,54,A. K-6|K-6,AK-6K-6
Monmouth,2230,Holmdel Twp,73566282,2999,24534,58,74020686,2989,24767,58,"M. K-12|K-12,1800-3500",MK-12K-121800-3500
Monmouth,2290,Howell Twp,130925831,5668,23101,43,128682633,5658,22743,41,"E. K-8|K-8,751+",EK-8K-8751plus
Monmouth,2320,Interlaken,727553,35,20787,7,736887,41,17973,3,K-12|Non-Operating,
Monmouth,2400,Keansburg Boro,53721781,1643,32700,51,69355932,1673,41464,52,"L. K-12|K-12,0-1800",LK-12K-120-1800
Monmouth,2430,Keyport Boro,24056378,1040,23125,27,24060255,1015,23694,31,"L. K-12|K-12,0-1800",LK-12K-120-1800
Monmouth,2720,Little Silver Boro,17465590,855,20438,26,17837239,855,20859,29,"E. K-8|K-8,751+",EK-8K-8751plus
Monmouth,2770,Long Branch City,152180080,5782,26321,80,154199621,5828,26457,82,"N. K-12|K-12,3500+",NK-12K-123500plus
Monmouth,2920,Manalapan-Englishtown Reg,103726078,5008,20711,28,100550508,4928,20403,24,"E. K-8|K-8,751+",EK-8K-8751plus
Monmouth,2930,Manasquan Boro,34619830,1512,22899,24,34075110,1478,23063,26,"L. K-12|K-12,0-1800",LK-12K-120-1800
Monmouth,3030,Marlboro Twp,106177235,4804,22100,36,105662046,4784,22084,37,"E. K-8|K-8,751+",EK-8K-8751plus
Monmouth,3040,Matawan-Aberdeen Regional,84714632,3775,22440,46,87179614,3833,22746,47,"N. K-12|K-12,3500+",NK-12K-123500plus
Monmouth,3160,Middletown Twp,202894094,9602,21130,26,200142208,9631,20782,23,"N. K-12|K-12,3500+",NK-12K-123500plus
Monmouth,3200,Millstone Twp,42231891,1689,25005,59,41822286,1701,24587,55,"K. K-12|K-8,751+",KK-12K-8751plus
Monmouth,3250,Monmouth Beach Boro,7130392,236,30266,71,6027819,235,25647,50,"C. K-8|K-8,0-400",CK-8K-80-400
Monmouth,3260,Monmouth Co Vocational,57494293,2126,27048,13,56400401,2132,26459,15,Q. County Voc,QCountyVoc
Monmouth,3270,Monmouth Regional,30863250,974,31689,42,31026660,944,32857,42,"G. G9-12|7-12,9-12",GG9-127-129-12
Monmouth,3500,Neptune City,10488111,417,25141,44,10363668,427,24248,39,"I. K-12|K-8,0-400",IK-12K-80-400
Monmouth,3510,Neptune Twp,124961188,4065,30744,90,118817019,3976,29886,89,"N. K-12|K-12,3500+",NK-12K-123500plus
Monmouth,3810,Ocean Twp,89714386,3449,26013,69,89949877,3331,27007,71,"M. K-12|K-12,1800-3500",MK-12K-121800-3500
Monmouth,3830,Oceanport Boro,13716750,608,22547,29,13546097,607,22322,25,"D. K-8|K-8,401-750",DK-8K-8401-750
Monmouth,4360,Red Bank Boro,28839577,1423,20265,21,30538711,1434,21301,32,"E. K-8|K-8,751+",EK-8K-8751plus
Monmouth,4365,Red Bank Regional,33244207,1190,27927,31,31988523,1281,24970,12,"G. G9-12|7-12,9-12",GG9-127-129-12
Monmouth,4520,Roosevelt Boro,2985364,115,25962,42,2785283,114,24527,35,H. K-12|K-6,HK-12K-6
Monmouth,4570,Rumson Boro,22051672,1004,21974,35,21150975,1007,21015,31,"E. K-8|K-8,751+",EK-8K-8751plus
Monmouth,4580,Rumson-Fair Haven Reg,26035305,1000,26047,20,25424054,998,25473,15,"G. G9-12|7-12,9-12",GG9-127-129-12
Monmouth,4690,Sea Girt Boro,5052852,175,28884,64,6231339,182,34257,75,"I. K-12|K-8,0-400",IK-12K-80-400
Monmouth,4760,Shore Regional,21023211,665,31607,41,21011254,637,32976,43,"G. G9-12|7-12,9-12",GG9-127-129-12
Monmouth,4770,Shrewsbury Boro,10440760,480,21744,22,10832858,488,22189,23,"D. K-8|K-8,401-750",DK-8K-8401-750
Monmouth,4840,Lake Como,3522187,173,20359,5,3653800,190,19231,4,K-12|Non-Operating,
Monmouth,4980,Spring Lake Boro,8503236,229,37146,76,8651186,211,40952,80,"I. K-12|K-8,0-400",IK-12K-80-400
Monmouth,4990,Spring Lake Heights Boro,10408137,464,22449,20,11030493,483,22863,26,"I. K-12|K-8,0-400",IK-12K-80-400
Monmouth,5185,Tinton Falls,33604048,1439,23346,44,35511862,1425,24914,57,"E. K-8|K-8,751+",EK-8K-8751plus
Monmouth,5230,Union Beach,18086785,880,20543,14,18472108,855,21609,18,"J. K-12|K-8,401-750",JK-12K-8401-750
Monmouth,5310,Upper Freehold Regional,49104797,2228,22041,41,48749213,2201,22151,42,"M. K-12|K-12,1800-3500",MK-12K-121800-3500
Monmouth,5420,Wall Twp,87430236,3420,25562,64,89327298,3409,26204,66,"M. K-12|K-12,1800-3500",MK-12K-121800-3500
Monmouth,5640,West Long Branch Boro,13774433,577,23893,38,13775374,592,23281,34,"D. K-8|K-8,401-750",DK-8K-8401-750
Monmouth,6010,Academy Charter High Sch,3922545,185,21237,79,4055278,177,22950,84,O. Charter,OCharter
Monmouth,6740,Hope Academy Cs,4151342,234,17726,41,4286485,253,16963,39,O. Charter,OCharter
Monmouth,7720,The Red Bank Cs,4248124,180,23614,87,3973443,176,22589,82,O. Charter,OCharter
Monmouth,7891,College Achieve Greater,4059941,212,19169,63,5574925,307,18148,52,O. Charter,OCharter
Morris,450,Boonton Town,34362482,1407,24420,34,35803575,1456,24587,36,"L. K-12|K-12,0-1800",LK-12K-120-1800
Morris,460,Boonton Twp,15895626,683,23259,29,15974133,657,24304,40,"I. K-12|K-8,0-400",IK-12K-80-400
Morris,630,Butler Boro,29149295,1185,24591,35,28327684,1157,24488,34,"L. K-12|K-12,0-1800",LK-12K-120-1800
Morris,785,Sch Dist Of The Chathams,87229853,4138,21081,25,85673501,4073,21037,27,"N. K-12|K-12,3500+",NK-12K-123500plus
Morris,820,Chester Twp,27670230,1093,25325,62,28709255,1097,26180,66,"E. K-8|K-8,751+",EK-8K-8751plus
Morris,1090,Denville Twp,37149290,1759,21120,31,36533919,1668,21906,35,"E. K-8|K-8,751+",EK-8K-8751plus
Morris,1110,Dover Town,57457182,3290,17465,2,65252108,3387,19263,7,"M. K-12|K-12,1800-3500",MK-12K-121800-3500
Morris,1190,East Hanover Twp,25293904,902,28038,70,25432650,942,27012,68,"E. K-8|K-8,751+",EK-8K-8751plus
Morris,1530,Florham Park Boro,24153046,990,24404,52,23919641,1001,23889,49,"E. K-8|K-8,751+",EK-8K-8751plus
Morris,1990,Hanover Park Regional,43903232,1482,29623,35,43465860,1458,29822,35,"G. G9-12|7-12,9-12",GG9-127-129-12
Morris,2000,Hanover Twp,32503237,1388,23414,46,33949405,1371,24759,56,"E. K-8|K-8,751+",EK-8K-8751plus
Morris,2010,Harding Township,12905073,393,32825,73,13461077,394,34201,74,"I. K-12|K-8,0-400",IK-12K-80-400
Morris,2380,Jefferson Twp,72135311,2902,24854,60,71719338,2789,25712,65,"M. K-12|K-12,1800-3500",MK-12K-121800-3500
Morris,2460,Kinnelon Boro,48363885,1882,25697,38,48896870,1762,27753,45,"L. K-12|K-12,0-1800",LK-12K-120-1800
Morris,2650,Lincoln Park Boro,24514429,1237,19825,15,25051307,1262,19852,16,"K. K-12|K-8,751+",KK-12K-8751plus
Morris,2870,Madison Boro,57844145,2651,21819,38,60627856,2624,23109,51,"M. K-12|K-12,1800-3500",MK-12K-121800-3500
Morris,3090,Mendham Boro,13236861,533,24860,46,12804584,501,25559,48,"D. K-8|K-8,401-750",DK-8K-8401-750
Morris,3100,Mendham Twp,22017330,704,31291,61,21649420,734,29497,60,"D. K-8|K-8,401-750",DK-8K-8401-750
Morris,3240,Mine Hill Twp,11417301,479,23836,35,11237289,478,23490,32,H. K-12|K-6,HK-12K-6
Morris,3340,Montville Twp,93100897,3624,25691,65,91207958,3570,25549,64,"M. K-12|K-12,1800-3500",MK-12K-121800-3500
Morris,3365,Morris County Vocational,27008648,1264,21368,5,25538520,1405,18173,3,Q. County Voc,QCountyVoc
Morris,3370,Morris Hills Regional,84006635,2731,30760,38,84490349,2708,31200,39,"G. G9-12|7-12,9-12",GG9-127-129-12
Morris,3380,Morris Plains Boro,20241079,827,24464,42,21284555,949,22440,26,"J. K-12|K-8,401-750",JK-12K-8401-750
Morris,3385,Morris School District,126399678,5214,24241,69,128609689,5429,23689,61,"N. K-12|K-12,3500+",NK-12K-123500plus
Morris,3410,Mount Arlington Boro,13296638,542,24523,38,14088101,538,26195,54,"I. K-12|K-8,0-400",IK-12K-80-400
Morris,3450,Mount Olive Twp,109352537,4638,23577,63,107594970,4696,22912,51,"N. K-12|K-12,3500+",NK-12K-123500plus
Morris,3460,Mountain Lakes Boro,44156114,1583,27899,46,45071664,1562,28865,46,"L. K-12|K-12,0-1800",LK-12K-120-1800
Morris,3520,Netcong Boro,6313174,293,21583,16,6797297,290,23433,33,"C. K-8|K-8,0-400",CK-8K-80-400
Morris,3950,Parsippany-Troy Hills Twp,171993190,7213,23847,67,173929836,7283,23882,63,"N. K-12|K-12,3500+",NK-12K-123500plus
Morris,4000,Long Hill Twp,21263208,859,24760,56,20860607,897,23266,45,"E. K-8|K-8,751+",EK-8K-8751plus
Morris,4080,Pequannock Twp,46532445,2110,22050,42,44948090,2073,21684,35,"M. K-12|K-12,1800-3500",MK-12K-121800-3500
Morris,4330,Randolph Twp,106503482,4631,22997,52,108922708,4548,23948,66,"N. K-12|K-12,3500+",NK-12K-123500plus
Morris,4440,Riverdale Boro,9163641,474,19331,5,9505673,469,20261,7,"I. K-12|K-8,0-400",IK-12K-80-400
Morris,4480,Rockaway Boro,11591181,568,20413,13,12063665,557,21666,19,"D. K-8|K-8,401-750",DK-8K-8401-750
Morris,4490,Rockaway Twp,58390326,2295,25441,63,56549255,2374,23824,48,"E. K-8|K-8,751+",EK-8K-8751plus
Morris,4560,Roxbury Twp,86277733,3548,24315,55,89537006,3513,25488,63,"M. K-12|K-12,1800-3500",MK-12K-121800-3500
Morris,5520,Washington Twp,53366187,2022,26391,64,51468311,2036,25281,61,"E. K-8|K-8,751+",EK-8K-8751plus
Morris,5660,West Morris Regional,62747532,2483,25276,15,62958733,2416,26054,17,"G. G9-12|7-12,9-12",GG9-127-129-12
Morris,5770,Wharton Boro,17300024,795,21756,23,16397239,803,20413,7,"D. K-8|K-8,401-750",DK-8K-8401-750
Morris,8050,Unity Cs,4314157,235,18366,51,4489806,233,19253,65,O. Charter,OCharter
Ocean,185,Barnegat Twp,74807106,3282,22793,49,78870196,3495,22564,46,"M. K-12|K-12,1800-3500",MK-12K-121800-3500
Ocean,210,Bay Head Boro,4537378,156,29098,66,4538847,150,30243,66,"I. K-12|K-8,0-400",IK-12K-80-400
Ocean,230,Beach Haven Boro,2253304,70,32020,56,2283614,66,34845,57,A. K-6|K-6,AK-6K-6
Ocean,320,Berkeley Twp,44878708,2262,19845,16,46464881,2483,18714,5,A. K-6|K-6,AK-6K-6
Ocean,530,Brick Twp,179447391,8589,20892,24,176873839,8549,20690,22,"N. K-12|K-12,3500+",NK-12K-123500plus
Ocean,770,Central Regional,46602764,2228,20920,4,48122858,2321,20734,4,"F. G7-12|7-12,9-12",FG7-127-129-12
Ocean,1150,Eagleswood Twp,3936261,139,28270,52,3969666,136,29275,51,A. K-6|K-6,AK-6K-6
Ocean,2350,Island Heights Boro,3092122,128,24115,37,3078356,118,26179,41,A. K-6|K-6,AK-6K-6
Ocean,2360,Jackson Twp,183665439,7931,23158,55,174418389,8080,21588,34,"N. K-12|K-12,3500+",NK-12K-123500plus
Ocean,2480,Lacey Twp,85438805,3988,21427,29,87381112,3971,22007,42,"N. K-12|K-12,3500+",NK-12K-123500plus
Ocean,2500,Lakehurst Boro,12883298,507,25410,47,10973602,518,21198,14,"I. K-12|K-8,0-400",IK-12K-80-400
Ocean,2520,Lakewood Twp,218232902,5881,37108,92,215895321,5957,36241,92,"N. K-12|K-12,3500+",NK-12K-123500plus
Ocean,2550,Lavallette Boro,5112086,185,27591,54,4872543,189,25724,51,"I. K-12|K-8,0-400",IK-12K-80-400
Ocean,2690,Little Egg Harbor Twp,33726898,1632,20673,24,35800462,1729,20705,19,A. K-6|K-6,AK-6K-6
Ocean,2760,Long Beach Island,7994137,221,36177,58,7540081,220,34321,56,A. K-6|K-6,AK-6K-6
Ocean,2940,Manchester Twp,69732990,2854,24437,57,68913649,2916,23630,53,"M. K-12|K-12,1800-3500",MK-12K-121800-3500
Ocean,3790,Ocean County Vocational,33505592,1562,21453,6,33523821,1572,21327,7,Q. County Voc,QCountyVoc
Ocean,3800,Ocean Gate Boro,3787704,140,27043,46,3401050,134,25395,39,A. K-6|K-6,AK-6K-6
Ocean,3820,Ocean Twp,21599890,1126,19186,11,21164901,408,51875,58,H. K-12|K-6,HK-12K-6
Ocean,4105,Pinelands Regional,41321198,1530,27001,24,40591772,1517,26754,20,"F. G7-12|7-12,9-12",FG7-127-129-12
Ocean,4190,Plumsted Twp,33489893,1310,25571,37,30283676,1237,24492,35,"L. K-12|K-12,0-1800",LK-12K-120-1800
Ocean,4210,Point Pleasant Boro,52165200,2792,18684,6,53396152,2819,18940,6,"M. K-12|K-12,1800-3500",MK-12K-121800-3500
Ocean,4220,Point Pleasant Beach,20009042,765,26174,41,19844010,752,26373,40,"L. K-12|K-12,0-1800",LK-12K-120-1800
Ocean,4710,Seaside Heights Boro,4843861,205,23684,32,5519026,210,26291,43,A. K-6|K-6,AK-6K-6
Ocean,4720,Seaside Park Boro,532964,30,17765,2,585567,28,20913,6,K-6|Non-Operating,
Ocean,4950,Southern Regional,68669061,2853,24066,10,64840132,2848,22768,8,"F. G7-12|7-12,9-12",FG7-127-129-12
Ocean,5020,Stafford Twp,49704190,2092,23763,34,45416183,2044,22217,28,A. K-6|K-6,AK-6K-6
Ocean,5190,Toms River Regional,281043468,15379,18275,3,272789842,15160,17994,2,"N. K-12|K-12,3500+",NK-12K-123500plus
Ocean,5220,Tuckerton Boro,6537828,311,21052,26,7138983,338,21097,23,A. K-6|K-6,AK-6K-6
Ocean,7893,Ocean Academy Charter Sc,3332058,215,15469,27,4067602,270,15093,28,O. Charter,OCharter
Passaic,420,Bloomingdale Boro,22452438,806,27854,57,21640826,801,27024,53,"J. K-12|K-8,401-750",JK-12K-8401-750
Passaic,900,Clifton City,211132089,10763,19616,11,218330602,10805,20206,12,"N. K-12|K-12,3500+",NK-12K-123500plus
Passaic,1920,Haledon Boro,19525508,1050,18594,6,19198842,1056,18178,6,"E. K-8|K-8,751+",EK-8K-8751plus
Passaic,2100,Hawthorne Boro,47872390,2341,20453,17,51530360,2365,21788,37,"M. K-12|K-12,1800-3500",MK-12K-121800-3500
Passaic,2510,Lakeland Regional,31127803,960,32434,43,30717092,957,32110,41,"G. G9-12|7-12,9-12",GG9-127-129-12
Passaic,2700,Little Falls Twp,19346448,871,22219,37,19504092,1279,15248,1,"E. K-8|K-8,751+",EK-8K-8751plus
Passaic,3640,North Haledon Boro,14288846,618,23110,31,14628130,631,23177,33,"D. K-8|K-8,401-750",DK-8K-8401-750
Passaic,3970,Passaic City,376315680,14433,26073,79,388630519,14324,27131,83,"N. K-12|K-12,3500+",NK-12K-123500plus
Passaic,3980,Passaic Co Manchester Reg,23230805,844,27534,27,23708902,826,28694,30,"G. G9-12|7-12,9-12",GG9-127-129-12
Passaic,3990,Passaic Valley Regional,34227600,1243,27548,28,34383642,1142,30104,36,"G. G9-12|7-12,9-12",GG9-127-129-12
Passaic,3995,Passaic County Vocational,104321209,3707,28145,15,108377374,3963,27349,16,Q. County Voc,QCountyVoc
Passaic,4010,Paterson City,654466077,28071,23315,58,659446220,27640,23858,62,"N. K-12|K-12,3500+",NK-12K-123500plus
Passaic,4230,Pompton Lakes Boro,40645048,1676,24249,33,39963783,1724,23186,29,"L. K-12|K-12,0-1800",LK-12K-120-1800
Passaic,4270,Prospect Park Boro,16843399,904,18642,7,17746328,873,20319,22,"E. K-8|K-8,751+",EK-8K-8751plus
Passaic,4400,Ringwood Boro,28316871,1162,24368,51,28377809,1118,25383,62,"E. K-8|K-8,751+",EK-8K-8751plus
Passaic,5200,Totowa Boro,19435406,975,19932,18,18483982,976,18948,9,"E. K-8|K-8,751+",EK-8K-8751plus
Passaic,5440,Wanaque Boro,22704095,902,25175,61,21917413,909,24101,51,"E. K-8|K-8,751+",EK-8K-8751plus
Passaic,5570,Wayne Twp,194155841,7896,24590,75,195992744,7852,24962,73,"N. K-12|K-12,3500+",NK-12K-123500plus
Passaic,5650,West Milford Twp,85031443,3296,25798,66,84637665,3168,26719,70,"M. K-12|K-12,1800-3500",MK-12K-121800-3500
Passaic,5690,Woodland Park,22499366,1135,19825,15,23671503,1131,20930,30,"E. K-8|K-8,751+",EK-8K-8751plus
Passaic,6021,Community Charter School,16118084,900,17909,45,17855599,900,19840,69,O. Charter,OCharter
Passaic,6079,John P Holland Charter S,6133142,333,18396,53,7749634,402,19273,66,O. Charter,OCharter
Passaic,6080,Passaic Arts And Science,21082574,1447,14571,21,24321242,1569,15497,31,O. Charter,OCharter
Passaic,6096,Paterson Arts & Sci. Cs,12915004,782,16515,30,13727813,844,16257,34,O. Charter,OCharter
Passaic,6106,Philip�s Charter School,3052303,210,14535,19,4290511,285,15054,27,O. Charter,OCharter
Passaic,6230,Classical Academy Charter School Of Clif,2186001,118,18494,56,2414248,167,14500,23,O. Charter,OCharter
Passaic,7503,Paterson Cs For Sci/Tech,23933212,1434,16690,33,23941268,1487,16100,33,O. Charter,OCharter
Passaic,7892,College Achieve Paterson,6696488,490,13666,9,10565406,712,14839,25,O. Charter,OCharter
Salem,60,Alloway Twp,9555641,495,19290,4,9221956,470,19629,5,"I. K-12|K-8,0-400",IK-12K-80-400
Salem,1350,Elsinboro Twp,2854386,130,21963,18,2877974,126,22880,27,"I. K-12|K-8,0-400",IK-12K-80-400
Salem,2800,Lower Alloways Creek,4812635,194,24804,40,4835187,201,24052,37,"I. K-12|K-8,0-400",IK-12K-80-400
Salem,2950,Mannington Twp,4272062,182,23452,30,4310810,210,20491,8,"I. K-12|K-8,0-400",IK-12K-80-400
Salem,3860,Oldmans Twp,6118640,306,19983,6,6293198,299,21055,12,"I. K-12|K-8,0-400",IK-12K-80-400
Salem,4070,Penns Grv-Carney's Pt Reg,47297756,2224,21272,29,46783164,2266,20648,21,"M. K-12|K-12,1800-3500",MK-12K-121800-3500
Salem,4075,Pennsville,41176002,1739,23683,31,42493168,1835,23153,28,"L. K-12|K-12,0-1800",LK-12K-120-1800
Salem,4150,Pittsgrove Twp,37298892,1809,20620,12,37129147,1720,21592,14,"L. K-12|K-12,0-1800",LK-12K-120-1800
Salem,4280,Quinton Twp,7804830,365,21408,15,8068139,348,23201,30,"I. K-12|K-8,0-400",IK-12K-80-400
Salem,4630,Salem City,32752996,1268,25830,40,31348272,1578,19866,8,"L. K-12|K-12,0-1800",LK-12K-120-1800
Salem,4635,Salem Co Special Service,10809629,175,61646,1,11214855,178,63040,2,P. CSSD,PCSSD
Salem,4640,Salem County Vocational,13354182,761,17542,1,13742632,798,17224,1,Q. County Voc,QCountyVoc
Salem,5320,Upper Pittsgrove Twp,9515341,450,21132,13,8507405,432,19698,6,"I. K-12|K-8,0-400",IK-12K-80-400
Salem,5910,Woodstown-Pilesgrove Reg,27869950,1486,18756,2,28381017,1519,18690,2,"L. K-12|K-12,0-1800",LK-12K-120-1800
Salem,7897,Creativity Colaboratory Charter Sch,N.R.,N.R.,N.R.,,1257526,94,13435,9,O. Charter,OCharter
Somerset,240,Bedminster Twp,18732432,760,24655,44,18452406,753,24511,42,"J. K-12|K-8,401-750",JK-12K-8401-750
Somerset,350,Bernards Twp,118695574,5332,22261,45,118532620,5169,22930,52,"N. K-12|K-12,3500+",NK-12K-123500plus
Somerset,490,Bound Brook Boro,39708326,1936,20509,18,40954321,2028,20192,16,"M. K-12|K-12,1800-3500",MK-12K-121800-3500
Somerset,510,Branchburg Twp,52331637,2122,24659,55,51535544,2046,25195,59,"K. K-12|K-8,751+",KK-12K-8751plus
Somerset,555,Bridgewater-Raritan Reg,189224976,8577,22063,42,188112388,8564,21965,41,"N. K-12|K-12,3500+",NK-12K-123500plus
Somerset,1610,Franklin Twp,184331784,7146,25795,76,185786150,7180,25874,79,"N. K-12|K-12,3500+",NK-12K-123500plus
Somerset,1810,Green Brook Twp,29023018,1242,23376,32,28951023,1216,23806,39,"J. K-12|K-8,401-750",JK-12K-8401-750
Somerset,2170,Hillsborough Twp,152341946,7470,20393,18,148689591,7481,19876,10,"N. K-12|K-12,3500+",NK-12K-123500plus
Somerset,3000,Manville Boro,28895829,1526,18942,3,31016272,1599,19402,5,"L. K-12|K-12,0-1800",LK-12K-120-1800
Somerset,3320,Montgomery Twp,108631342,4712,23052,53,110100607,4712,23364,57,"N. K-12|K-12,3500+",NK-12K-123500plus
Somerset,3670,North Plainfield Boro,75560731,3448,21913,39,79396846,3483,22795,48,"M. K-12|K-12,1800-3500",MK-12K-121800-3500
Somerset,4810,Somerset Co Vocational,18850373,490,38436,21,18197690,502,36255,21,Q. County Voc,QCountyVoc
Somerset,4815,Somerset Hills Regional,49774478,1934,25740,39,49532069,1902,26042,39,"L. K-12|K-12,0-1800",LK-12K-120-1800
Somerset,4820,Somerville Boro,50685103,2357,21502,34,53038512,2312,22938,49,"M. K-12|K-12,1800-3500",MK-12K-121800-3500
Somerset,4850,South Bound Brook,12488000,544,22954,30,13040024,565,23078,30,"J. K-12|K-8,401-750",JK-12K-8401-750
Somerset,5470,Warren Twp,50447594,1703,29620,71,49713485,1601,31055,72,"E. K-8|K-8,751+",EK-8K-8751plus
Somerset,5540,Watchung Boro,15355176,628,24451,41,15798641,611,25843,50,"D. K-8|K-8,401-750",DK-8K-8401-750
Somerset,5550,Watchung Hills Regional,51164615,2000,25585,18,52682745,1969,26761,21,"G. G9-12|7-12,9-12",GG9-127-129-12
Somerset,6018,Central Jersey College P,11246413,816,13781,13,14385063,1015,14171,14,O. Charter,OCharter
Somerset,6081,Thomas Edison Energysmar,6492646,509,12751,5,7127435,554,12870,5,O. Charter,OCharter
Sussex,90,Andover Reg,18428594,671,27482,55,18278986,637,28718,59,"J. K-12|K-8,401-750",JK-12K-8401-750
Sussex,640,Byram Twp,19282927,820,23522,47,18053108,825,21885,34,"E. K-8|K-8,751+",EK-8K-8751plus
Sussex,1560,Frankford Twp,13051356,506,25806,52,13959888,510,27359,54,"D. K-8|K-8,401-750",DK-8K-8401-750
Sussex,1570,Franklin Boro,10715263,451,23761,37,11745613,471,24918,45,"D. K-8|K-8,401-750",DK-8K-8401-750
Sussex,1630,Fredon Twp,6489686,197,32918,57,5570876,194,28651,50,A. K-6|K-6,AK-6K-6
Sussex,1800,Green Twp,14086944,606,23229,27,14394221,608,23686,35,"I. K-12|K-8,0-400",IK-12K-80-400
Sussex,1930,Hamburg Boro,7406889,247,29976,69,6875627,258,26677,56,"C. K-8|K-8,0-400",CK-8K-80-400
Sussex,1980,Hampton Twp,7737285,285,27109,48,8043278,323,24915,37,A. K-6|K-6,AK-6K-6
Sussex,2030,Hardyston Twp,14794460,682,21707,21,14494595,665,21798,21,"D. K-8|K-8,401-750",DK-8K-8401-750
Sussex,2165,High Point Regional,27486390,895,30711,37,25279525,870,29054,33,"G. G9-12|7-12,9-12",GG9-127-129-12
Sussex,2240,Hopatcong,42626478,1576,27047,43,40778523,1515,26909,42,"L. K-12|K-12,0-1800",LK-12K-120-1800
Sussex,2465,Kittatinny Regional,27156992,933,29097,32,25623036,906,28290,28,"F. G7-12|7-12,9-12",FG7-127-129-12
Sussex,2490,Lafayette Twp,6110500,205,29813,68,5854721,200,29327,65,"C. K-8|K-8,0-400",CK-8K-80-400
Sussex,2615,Lenape Valley Regional,17864204,708,25234,14,18225434,656,27799,27,"G. G9-12|7-12,9-12",GG9-127-129-12
Sussex,3300,Montague Twp,10218351,365,27993,59,8572715,345,24838,47,"I. K-12|K-8,0-400",IK-12K-80-400
Sussex,3590,Newton Town,34683893,1569,22112,21,35087410,1615,21727,16,"L. K-12|K-12,0-1800",LK-12K-120-1800
Sussex,3840,Ogdensburg Boro,5731447,249,23009,25,5478204,263,20810,11,"C. K-8|K-8,0-400",CK-8K-80-400
Sussex,4650,Sandyston-Walpack Twp,3718453,137,27104,47,3422834,123,27774,47,A. K-6|K-6,AK-6K-6
Sussex,4960,Sparta Twp,80473707,3200,25147,61,83472347,3163,26394,69,"M. K-12|K-12,1800-3500",MK-12K-121800-3500
Sussex,5030,Stanhope Boro,7631401,308,24808,41,7620031,319,23861,36,"C. K-8|K-8,0-400",CK-8K-80-400
Sussex,5040,Stillwater Twp,7495938,266,28140,51,7194728,251,28620,49,A. K-6|K-6,AK-6K-6
Sussex,5100,Sussex-Wantage Regional,27727422,1048,26452,65,26442234,1046,25274,60,"E. K-8|K-8,751+",EK-8K-8751plus
Sussex,5110,Sussex County Vocational,17374153,778,22322,7,17233504,753,22889,8,Q. County Voc,QCountyVoc
Sussex,5360,Vernon Twp,78860974,3009,26213,70,75705827,3000,25234,61,"M. K-12|K-12,1800-3500",MK-12K-121800-3500
Sussex,5435,Wallkill Valley Regional,18827891,612,30769,39,17829637,592,30123,37,"G. G9-12|7-12,9-12",GG9-127-129-12
Sussex,7850,Sussex County Technology,4952898,224,22091,84,4800805,223,21548,79,O. Charter,OCharter
Union,310,Berkeley Heights Twp,61008065,2584,23610,53,62854142,2574,24423,56,"M. K-12|K-12,1800-3500",MK-12K-121800-3500
Union,850,Clark Twp,42821706,2235,19160,7,43804730,2247,19493,11,"M. K-12|K-12,1800-3500",MK-12K-121800-3500
Union,980,Cranford Twp,79174885,3914,20229,16,78661031,3852,20419,18,"N. K-12|K-12,3500+",NK-12K-123500plus
Union,1320,Elizabeth City,667954628,28746,23237,56,681835577,28935,23565,60,"N. K-12|K-12,3500+",NK-12K-123500plus
Union,1710,Garwood Boro,10492208,509,20602,10,11503658,493,23330,32,"I. K-12|K-8,0-400",IK-12K-80-400
Union,2190,Hillside Twp,67542768,3133,21559,36,67796481,3144,21562,32,"M. K-12|K-12,1800-3500",MK-12K-121800-3500
Union,2420,Kenilworth Boro,32779676,1441,22751,22,33227296,1440,23074,27,"L. K-12|K-12,0-1800",LK-12K-120-1800
Union,2660,Linden City,149183831,6338,23537,61,149332207,6404,23320,56,"N. K-12|K-12,3500+",NK-12K-123500plus
Union,3470,Mountainside Boro,20675997,1042,19846,7,22176746,1039,21353,17,"J. K-12|K-8,401-750",JK-12K-8401-750
Union,3560,New Providence Boro,48637081,2418,20112,15,49046977,2416,20304,17,"M. K-12|K-12,1800-3500",MK-12K-121800-3500
Union,4160,Plainfield City,209798370,9429,22250,44,291030517,9853,29536,88,"N. K-12|K-12,3500+",NK-12K-123500plus
Union,4290,Rahway City,88636326,4102,21608,33,89786020,4095,21925,39,"N. K-12|K-12,3500+",NK-12K-123500plus
Union,4540,Roselle Boro,60729282,2960,20517,19,65944249,2911,22657,47,"M. K-12|K-12,1800-3500",MK-12K-121800-3500
Union,4550,Roselle Park Boro,41640746,2046,20352,16,43094205,2085,20670,22,"M. K-12|K-12,1800-3500",MK-12K-121800-3500
Union,4670,Scotch Plains-Fanwood Reg,115686700,5598,20665,21,118409598,5602,21137,28,"N. K-12|K-12,3500+",NK-12K-123500plus
Union,5000,Springfield Twp,50239879,2274,22095,44,50373831,2320,21710,36,"M. K-12|K-12,1800-3500",MK-12K-121800-3500
Union,5090,Summit City,90027749,3928,22918,51,88982345,3981,22350,45,"N. K-12|K-12,3500+",NK-12K-123500plus
Union,5260,Union County Vocational,37437914,2118,17674,2,38688315,2171,17824,2,Q. County Voc,QCountyVoc
Union,5290,Union Twp,159326037,7254,21964,39,160229461,7345,21815,37,"N. K-12|K-12,3500+",NK-12K-123500plus
Union,5730,Westfield Town,134715128,6270,21485,30,127080982,6279,20238,14,"N. K-12|K-12,3500+",NK-12K-123500plus
Union,5810,Winfield Twp,4025143,164,24503,37,4153300,169,24626,41,"I. K-12|K-8,0-400",IK-12K-80-400
Union,6033,Barack Obama Green Chart,3888150,234,16630,32,4194241,234,17939,49,O. Charter,OCharter
Union,6101,College Achieve Central,13528310,975,13874,14,17115922,1185,14439,22,O. Charter,OCharter
Union,6102,Cresthaven Academy Chart,3343397,225,14860,24,4274735,298,14330,20,O. Charter,OCharter
Union,7600,Queen City Academy Cs,5097633,324,15753,29,4563105,322,14154,13,O. Charter,OCharter
Union,8010,Union County Teams Cs,5717395,390,14645,22,5384089,383,14043,12,O. Charter,OCharter
Warren,30,Allamuchy Twp,11758356,582,20192,10,12083897,574,21058,15,"J. K-12|K-8,401-750",JK-12K-8401-750
Warren,70,Alpha Boro,5946334,295,20161,7,6251066,294,21261,15,"I. K-12|K-8,0-400",IK-12K-80-400
Warren,280,Belvidere Town,14207872,685,20741,14,14826221,660,22464,21,"L. K-12|K-12,0-1800",LK-12K-120-1800
Warren,400,Blairstown Twp,11199866,468,23945,36,9627092,484,19882,9,A. K-6|K-6,AK-6K-6
Warren,1620,Franklin Twp,5689702,205,27730,50,5606386,209,26887,44,A. K-6|K-6,AK-6K-6
Warren,1670,Frelinghuysen Twp,2779228,146,19092,10,2718706,135,20145,12,A. K-6|K-6,AK-6K-6
Warren,1785,Great Meadows Regional,23376268,990,23624,36,22217683,942,23590,37,"J. K-12|K-8,401-750",JK-12K-8401-750
Warren,1840,Greenwich Twp,19457478,1068,18215,3,19902764,1054,18888,4,"J. K-12|K-8,401-750",JK-12K-8401-750
Warren,1870,Hackettstown,37936944,1913,19835,14,39421837,1973,19977,15,"M. K-12|K-12,1800-3500",MK-12K-121800-3500
Warren,2040,Harmony Twp,8408603,332,25368,45,7542856,321,23480,34,"I. K-12|K-8,0-400",IK-12K-80-400
Warren,2250,Hope Twp,5566152,191,29160,67,5497838,173,31863,70,"I. K-12|K-8,0-400",IK-12K-80-400
Warren,2470,Knowlton Twp,4798411,175,27472,49,4793607,155,30966,53,A. K-6|K-6,AK-6K-6
Warren,2790,Lopatcong Twp,19367693,1117,17345,1,19395752,1122,17286,1,"J. K-12|K-8,401-750",JK-12K-8401-750
Warren,2970,Mansfield Twp,11893445,624,19059,9,12232103,590,20717,20,A. K-6|K-6,AK-6K-6
Warren,3675,North Warren Regional,20083166,801,25066,13,19749886,761,25952,16,"F. G7-12|7-12,9-12",FG7-127-129-12
Warren,3890,Oxford Twp,8661985,383,22593,21,8587785,374,22986,29,"I. K-12|K-8,0-400",IK-12K-80-400
Warren,4100,Phillipsburg Town,104626738,3924,26666,83,100396120,3967,25306,76,"N. K-12|K-12,3500+",NK-12K-123500plus
Warren,4200,Pohatcong Twp,9874827,420,23512,32,9402114,430,21865,18,"I. K-12|K-8,0-400",IK-12K-80-400
Warren,5460,Warren County Vocational,11499265,465,24758,9,12108748,464,26124,14,Q. County Voc,QCountyVoc
Warren,5465,Warren Hills Regional,44176281,1740,25389,17,47185652,1770,26655,19,"F. G7-12|7-12,9-12",FG7-127-129-12
Warren,5480,Washington Boro,9969428,489,20405,21,10332666,489,21122,25,A. K-6|K-6,AK-6K-6
Warren,5530,Washington Twp,10571175,427,24776,39,10514752,418,25170,38,A. K-6|K-6,AK-6K-6
Warren,5780,White Twp,10002744,409,24462,36,9834345,398,24683,42,"I. K-12|K-8,0-400",IK-12K-80-400
Warren,7727,Ridge And Valley Cs,2378617,129,18496,57,2473063,133,18665,56,O. Charter,OCharter
